0 0.5747455199477147 0.35641025847002267 0.509686145704584 0.2920080500820005 0.26889431512535045 0.5352569418895127 0.3339536893684812 0.599659150277535
0 0.6400667775537322 0.4290808084311297 0.619044527464145 0.4195842653513208 0.5987781873462232 0.46444733465760585 0.6198004374358105 0.4739438777374147
0 0.4426174408502861 0.3413439225128989 0.4024378328187988 0.29278307064999 0.19114426677424715 0.4676089301141595 0.23132387480573446 0.5161697819770684
0 0.5193238159105127 0.25350273448096416 0.4594020264229678 0.14937643033113018 0.071863026821874 0.37239433672771943 0.13178481630941882 0.4765206408775534
0 0.40498294075435814 0.14878896089507354 0.35078658055560585 0.09734532994934939 0.22531706039449484 0.2295286767234244 0.27951342059324713 0.28097230766914855
0 0.1445662373721305 0.3253416419411459 0.11067451229609568 0.2830247204139972 0.02015927919217008 0.3555185901200754 0.054051004268204916 0.3978355116472241
0 0.4651515408149403 0.6182886341040184 0.42061918533575804 0.5929676192393541 0.3416390743740659 0.7318708344513 0.38617142985324804 0.7571918493159642
0 0.6638583161119144 0.09607311116893841 0.6217634062757248 0.03246984848566654 0.443499992028434 0.15045093991487432 0.4855949018646236 0.2140542025981462
0 0.4991358029055788 0.037111269801260484 0.46248271416555325 0.014058304596622906 0.39386026350701997 0.12316464953828156 0.43051335224704546 0.14621761474291914
0 0.5971076400019929 0.5011371594160474 0.5751581542206972 0.47467208477865436 0.5017414310384056 0.5355621198032353 0.5236909168197013 0.5620271944406285
0 0.5093932171428612 0.5429298438462267 0.5007963587962964 0.532852988425926 0.477515273067921 0.5527147595651516 0.48611213141448595 0.5627916149854523