0 0.6129446373967047 0.3481202788430494 0.549199433194295 0.28327832586253954 0.32875084930952886 0.49999820165175846 0.3924960535119385 0.5648401546322683
0 0.672269776770821 0.40823545255403104 0.6483344051976002 0.4078808536124861 0.6477103287037037 0.4500059166666668 0.6716457002769245 0.4503605156082117
0 0.483552600935835 0.3265055321972362 0.44414109108085176 0.27952672742903856 0.25411565861253693 0.4389430693597353 0.2935271684675202 0.4859218741279329
0 0.5491118957014016 0.24695992364295433 0.4916221041376397 0.14585771398604588 0.13844573075558622 0.3466845422015873 0.19593552231934808 0.44778675185849576
0 0.43913257917255955 0.14489022545519295 0.3855634122131288 0.09564774035580578 0.27410606606450355 0.2168982656418476 0.3276752330239343 0.2661407507412348
0 0.20279969399894474 0.3050822652710992 0.16960535958630982 0.2641085720069198 0.08762846213014187 0.33052114874793936 0.12082279654277679 0.37149484201211885
0 0.5192964043319053 0.5849631462306325 0.4753521422532351 0.561902791751136 0.40729191117175956 0.6915996979473726 0.4512361732504298 0.7146600524268691
0 0.6787152983860136 0.10169743645705324 0.6379278336926354 0.039941428085177984 0.4768236558604772 0.14634453182394602 0.5176111205538554 0.2081005401958213
0 0.5243842777341458 0.04354775371814751 0.4881659999115836 0.020897083474386104 0.42620147028485805 0.11997797269369105 0.46241974810742015 0.14262864293745248
0 0.6366924777661594 0.4794519705774378 0.6151603392225887 0.45385082925564646 0.5490825229544737 0.5094263474193853 0.5706146614980444 0.5350274887411767
0 0.5563550067425426 0.5167327832651104 0.5479114907407407 0.5069932546296297 0.5270646759669891 0.5250660403584521 0.535508191968791 0.5348055689939328