0 0.666963144889103 0.5127526820154292 0.45786384688404036 0.30938213190091624 0.3950456212331243 0.3739698850349567 0.6041449192381869 0.5773404351494698
0 0.3675646551724139 0.4751616379310344 0.3518318965517242 0.43582974137931024 0.3310883620689655 0.44412715517241375 0.3468211206896552 0.48345905172413783
0 0.7359002293577984 0.45658256880733944 0.5657540137614679 0.29644495412844035 0.5232310779816514 0.34162557339449545 0.6933772935779818 0.5017631880733945
0 0.8638595640993619 0.3094886724870008 0.5070836337163098 0.17296727055471042 0.46535582610522014 0.2820159411116915 0.8221317564882723 0.4185373430439818
0 0.7251497603833864 0.23063099041533566 0.6202575878594251 0.11699780351437698 0.5654203274760383 0.1676168130990415 0.6703124999999999 0.28125000000000017
0 0.9086745689655172 0.3146551724137932 0.8125 0.27343750000000017 0.7928609913793103 0.319261853448276 0.8890355603448276 0.360479525862069
0 0.5951032207718503 0.695571438706016 0.5212666713961408 0.5802018303064701 0.4777259506242907 0.6080678916004542 0.5515625000000001 0.7234375000000001
0 0.5265625 0.16093750000000007 0.36656250000000007 0.08093750000000005 0.3321875000000001 0.1496875 0.49218750000000006 0.22968750000000002
0 0.5762676886792454 0.14634433962264154 0.5229805424528302 0.05042747641509434 0.4862323113207548 0.0708431603773585 0.5395194575471698 0.16676002358490571
0 0.45437500000000003 0.5209375000000003 0.3825000000000002 0.48500000000000015 0.36718750000000006 0.5156250000000001 0.4390625 0.5515625000000002
0 0.4739507299270073 0.5372604927007301 0.45312500000000006 0.5296875000000001 0.44792427007299274 0.5439895072992701 0.46875 0.5515625000000001