0 0.6178251401818282 0.6630667099914714 0.50540195097719 0.6530735376177256 0.4969072724427025 0.7486386711307093 0.6093304616473406 0.7586318435044551
0 0.627638086175189 0.8166871590356674 0.6244163568272753 0.6553387624247031 0.49870329462261875 0.6578489420758676 0.5019250239705325 0.8191973386868319
2 0.5984225971745877 0.503825398769666 0.5949007669170885 0.46420480837280176 0.49356027818607423 0.47321285181555894 0.49708210844357337 0.5128334422124231
2 0.572698811193857 0.4617241519173087 0.5710199778229063 0.35976787137191824 0.4592372366141336 0.36160850929273847 0.46091606998508433 0.46356478983812893
2 0.519713345160821 0.21758820440762605 0.46184389585857466 0.20787227330238878 0.44025158417662197 0.3364791121799838 0.4981210334788682 0.34619504328522105
2 0.4857510148333916 0.7821453230204857 0.4766370429142327 0.655499088227173 0.4137525446538494 0.6600245093913385 0.4228665165730084 0.7866707441846512
2 0.45121617187091695 0.5049155342324463 0.4279392461827458 0.41204295194125834 0.37652701141222994 0.42492855002298263 0.3998039371004012 0.5178011323141705
0 0.14868055555555562 0.3583912037037037 4.878062229628925e-17 0.3583912037037037 6.41069311355864e-17 0.6086888217592593 0.14868055555555562 0.6086888217592593
0 0.28169214109787105 0.6476958949596046 0.2217813550617175 0.6412898324311926 0.189923258912935 0.9392331593069128 0.24983404494908856 0.9456392218353245
0 0.31696497598201845 0.7368528286518994 0.22210899836784262 0.5327097930685708 -0.09213437439590764 0.6787243864496622 0.00272160321826819 0.8828674220329907
0 0.8038387247575853 0.11803350757004705 0.6932843220240452 0.10535929183660032 0.6701910722489705 0.3067966422615612 0.7807454749825105 0.3194708579950079
0 0.7660970115347306 0.37740667097807473 0.7463495760908321 0.31642305723982417 0.6753031199784787 0.33942899636993645 0.6950505554223773 0.400412610108187
0 0.7595226035171447 0.5961161065813392 0.7106360117108499 0.41652255527123966 0.38153492990553195 0.5061061184440999 0.4304215217118268 0.6856996697541994