0 0.3130218535749265 0.5782642629774731 0.22849993878550448 0.5472728942213516 0.18607829333986292 0.6629682908912832 0.270600208129285 0.6939596596474047
0 0.3080854448855675 0.6856360929472209 0.2945951074264363 0.5615249883232134 0.13197833956095284 0.5792007239607659 0.14546867702008406 0.7033118285847735
2 0.49043796758104735 0.6415718516209475 0.4854855049875311 0.5425225997506234 0.4462086970074812 0.5444864401496259 0.45116115960099745 0.6435356920199501
2 0.6 0.5015625000000001 0.49687500000000007 0.5015625 0.4968750000000001 0.6109375 0.6 0.6109375
2 0.753125 0.4750000000000001 0.6265625 0.4750000000000001 0.6265625 0.5375000000000001 0.753125 0.5375000000000001
2 0.3099527106084243 0.5375950663026522 0.30014381825273007 0.47628948907956326 0.1749731864274571 0.49631679017160696 0.1847820787831513 0.5576223673946958
2 0.5570312500000001 0.46640625 0.5409375000000001 0.41812499999999997 0.44578125 0.4498437499999999 0.461875 0.49812499999999993
0 0.64553125 0.05003125000000007 0.37953125000000004 0.012031250000000103 0.3594375000000001 0.1526875000000001 0.6254375000000001 0.1906875000000001
0 0.3301525683317625 0.2786604618284637 0.03470104853911407 0.2757920004712536 0.03410874175306319 0.33679959943449583 0.32956026154571166 0.339668060791706
0 0.46431190226859903 0.2607789737554213 0.28761832996626746 -0.06129538588427174 0.09080901091670678 0.046676393316528925 0.26750258321903836 0.36875075295622195
0 0.8328125 0.703125 0.6375 0.703125 0.6375 0.8171875 0.8328125 0.8171875
0 0.6263077111984282 0.7829414292730845 0.6109282907662082 0.7152719793713163 0.5443393909626719 0.7304058202357564 0.559718811394892 0.7980752701375246
0 0.527112465893588 0.7542995395634378 0.5032934004092771 0.4327421555252387 0.3012768587994544 0.4477063437926329 0.32509592428376527 0.769263727830832