0 0.506239618117164 0.7380925184484232 0.4683128671030967 0.6527195560885638 0.34839072958417133 0.7059947022827823 0.3863174805982385 0.7913676646426416
0 0.48543408250144215 0.6702894442168342 0.35441393926848075 0.6644663268728687 0.34677510199330497 0.8363401694915447 0.4777952452262664 0.8421632868355102
2 0.49835869149520584 0.5091853493229455 0.4965220721410991 0.46786134799542073 0.39337795533608283 0.47244552365849113 0.3952145746901895 0.5137695249860159
2 0.5497704285085049 0.44843920237958274 0.5343058664128916 0.343208057875361 0.41727500096491216 0.3604066837607902 0.4327395630605255 0.46563782826501193
2 0.563449224636179 0.3139214761129817 0.5489393602870069 0.18217159258049168 0.485639792802941 0.18914289390485733 0.5001496571521131 0.32089277743734734
2 0.5755168292326791 0.6569555566797122 0.5112675933327 0.6496923201274027 0.49626571497976557 0.7823961380877295 0.5605149508797446 0.7896593746400391
2 0.6336282160993334 0.40626064864649947 0.5839355322943318 0.38537584638078964 0.5430551046341252 0.48264553271472604 0.5927477884391268 0.503530334980436
0 1 0.27432825000000016 0.8671023981481482 0.27432825000000016 0.8671023981481482 0.5144737500000001 1 0.5144737500000001
0 0.7977884849102368 0.9162118772162516 0.7810927811740555 0.6081728261975047 0.7171683606920498 0.6116375271253416 0.7338640644282313 0.9196765781440885
0 1.0946765957261144 0.5991849770271274 0.7906043901419652 0.4627235267857847 0.6925792584412251 0.6811494481445656 0.9966514640253744 0.8176108983859083
0 0.3229127198158177 0.3264657191044168 0.3138382292041481 0.12228983185332643 0.1943220339467923 0.1276016666953692 0.20339652455846188 0.3317775539464596
0 0.32226013705997 0.3612259226033241 0.2598851017827409 0.3242579579089026 0.22241323099968147 0.38748322014114567 0.28478826627691056 0.42445118483556715
0 0.61272908280916 0.47962622784349057 0.27494489073015405 0.44330027981262277 0.2530456823665831 0.6469345083803916 0.590829874445589 0.6832604564112594