2 0.5976138014062866 0.1671575206824208 0.5067011331658628 0.14108697705044737 0.4850406599440786 0.2166209376667337 0.5759533281845023 0.24269148129870713
2 0.3652134274270726 0.7477527450651593 0.28622825339042074 0.743462988188992 0.27575575980345046 0.9362878387440732 0.35474093384010225 0.9405775956202405
2 0.21575617322220136 0.7550690156562753 0.21050808811786206 0.7192945755774512 0.17865447991599764 0.7239674774133802 0.18390256502033694 0.7597419174922041
2 0.5576948092580595 0.3121963704830915 0.44838192699863794 0.3112449591545171 0.44814289732113294 0.3387083939580171 0.5574557795805545 0.3396598052865915
2 0.5011228513439745 0.27329686788696433 0.4529674158591464 0.26901638594159755 0.4512382022120651 0.2884700449651189 0.49939363769689327 0.2927505269104857
2 0.46967654451274393 0.3533378805246933 0.4536464181111502 0.32289886230964115 0.35650311489172687 0.37405752382342344 0.37253324129332066 0.40449654203847557
2 0.37091638730622833 0.4341032323229455 0.3570471245160047 0.3955466860843766 0.32379273107834733 0.4075086994520313 0.33766199386857104 0.4460652456906002
2 0.2837479313611237 0.6768352275625346 0.27832909404335815 0.6238698677686536 0.2225922639845345 0.6295722516639407 0.22801110130230004 0.6825376114578217
2 0.685561304458351 0.05899768109452278 0.561350333221984 0.050092587204436836 0.5600501040526414 0.06822858104653531 0.6842610752890084 0.07713367493662125
2 0.6352681676924666 0.13979959213302628 0.5688743221327431 0.13389791817409227 0.5664246027764542 0.16145726654505627 0.6328184483361778 0.16735894050399025
2 0.6199474654866579 0.09233401146418556 0.6180951938700782 0.07455118086138669 0.5483524920480941 0.08181562767156503 0.5502047636646739 0.09959845827436388
2 0.5666655696532069 0.12386835182584909 0.5655119556245508 0.09272081026723979 0.5067704323197348 0.09489642484091489 0.5079240463483908 0.1260439663995242
0 0.777757591601993 0.3209273928955933 0.4116133871098055 0.24118007663074098 0.2976576070334476 0.7643857517254682 0.663801811525635 0.8441330679903205