2 0.8694110576923078 0.5126802884615385 0.8527644230769232 0.42944711538461544 0.7770432692307694 0.4445913461538462 0.7936899038461539 0.5278245192307692
2 0.2750000000000001 0.6765625 0.0906250000000001 0.6765625 0.0906250000000001 0.753125 0.2750000000000001 0.753125
2 0.2891768292682928 0.814596036585366 0.255907012195122 0.8108993902439025 0.2524580792682927 0.8419397865853658 0.28572789634146345 0.8456364329268292
2 0.7111133618149679 0.4696817913965823 0.6852543090748382 0.467158956982911 0.6750193355922216 0.572067435179729 0.7008783883323514 0.5745902695934002
2 0.7421875 0.5218750000000001 0.7234375 0.5218750000000001 0.7234375 0.5671875000000002 0.7421875 0.5671875000000002
2 0.6884375 0.5668750000000001 0.6615624999999999 0.5534375000000001 0.6121875 0.6521875000000001 0.6390625000000001 0.6656250000000001
2 0.611875 0.6628124999999999 0.57578125 0.65078125 0.5646875 0.6840625 0.60078125 0.69609375
2 0.38437500000000013 0.74375 0.3359375000000001 0.74375 0.3359375000000001 0.7984375 0.38437500000000013 0.7984375
2 0.9696090267459136 0.33767644873699865 0.9453705423476969 0.3372585438335811 0.9433223439821694 0.4560540490341754 0.9675608283803862 0.45647195393759293
2 0.88125 0.3890625000000001 0.8546875 0.3890625000000001 0.8546875 0.4531250000000001 0.88125 0.4531250000000001
2 0.9418691037735849 0.40326061320754725 0.9252653301886794 0.40014740566037754 0.9127771226415098 0.4667511792452832 0.9293808962264153 0.469864386792453
2 0.915625 0.4531250000000001 0.8859375 0.4531250000000001 0.8859375 0.5093750000000001 0.915625 0.5093750000000001
0 0.7731997971602438 0.652944345841784 0.7240238336713992 0.29232061359026307 0.20554006085192647 0.363022946247465 0.25471602434077106 0.723646678498986