2 0.5850864121104703 0.0666509522653084 0.4970965612263229 0.05113288816941858 0.4822436825020126 0.135351033943062 0.57023353338616 0.15086909803895182
2 0.2937405027439462 0.7126189817015464 0.21356145354036749 0.7011956225355164 0.18527461187825012 0.8997372280717585 0.26545366108182883 0.9111605872377885
2 0.13788252852552976 0.729428592494403 0.1357488894743853 0.6935122840319401 0.10150512963086707 0.6955465639005547 0.10363876868201152 0.7314628723630177
2 0.5386591912489165 0.2534638441503507 0.5359512585820179 0.22523500195458176 0.4203640715097052 0.23632303445613984 0.4230720041766038 0.2645518766519088
2 0.48152741659919196 0.21068013328568103 0.48021801597776864 0.19014088121951392 0.43007454799371975 0.19333758419229607 0.43138394861514306 0.21387683625846318
2 0.44261942460741255 0.278034646298933 0.42690450414881703 0.24974778480676715 0.3186554173263583 0.3098861564533236 0.33437033778495373 0.33817301794548943
2 0.33113329200075964 0.3764252028561384 0.31995623267987744 0.33701137343263143 0.2823399742628098 0.3476786736647282 0.293517033583692 0.3870925030882351
2 0.21896321678157585 0.6368982667890968 0.2078923803964843 0.5843347335804744 0.15149975728508788 0.5962120459619411 0.1625705936701794 0.6487755791705635
2 0.636004211652503 0.06210750159196236 0.6320839595494897 0.03344826046978745 0.5619304120175209 0.04304445288373252 0.5658506641205341 0.07170369400590743
2 0.5706858831548001 0.012329914695105363 0.5591888474520162 -0.014431824956567765 0.4950409511551288 0.0131265723517956 0.5065379868579126 0.03988831200346873
0 0.7607498003111113 0.23127787871380395 0.4038816736910067 0.12415172272394398 0.22926831869916797 0.7058391762034391 0.5861364453192726 0.812965332193299