0 0.5665972693960228 0.6877480588374517 0.5650940739779549 0.6370152181164221 0.4484284246903197 0.6404719784113845 0.44993162010838766 0.691204819132414
0 0.449206065566687 0.5482668185589733 0.44701324380585594 0.48326312637186275 0.3585167819245494 0.48624844860265704 0.36070960368538046 0.5512521407897677
2 0.6059188935185185 0.6072433194444445 0.6015355669510041 0.5852715481464481 0.5505510089619642 0.5954428704552106 0.5549343355294787 0.617414641753207
2 0.8321729240771274 0.5806173046493531 0.82611710901578 0.5506245051853362 0.7587474849543242 0.5642270361714198 0.7648033000156716 0.5942198356354367
2 0.663149435102528 0.6842168844244777 0.6206462949679633 0.6831208161486507 0.6197491782407408 0.7179090486111113 0.6622523183753054 0.7190051168869382
2 0.8383164310368086 0.7685575345186242 0.8373769351851851 0.7368495092592594 0.7788312415448189 0.7385841942752963 0.7797707373964423 0.7702922195346611
2 0.8545877175587265 0.6519250821948 0.8504737910040456 0.6092035639597365 0.8284627940283028 0.6113231427737494 0.8325767205829836 0.654044661008813
2 0.6466533066626415 0.6286025126883739 0.6389854554694646 0.5998103167390487 0.618424752314815 0.6052859814814815 0.6260926035079918 0.6340781774308067
0 0.5794479164056376 0.5224500462616424 0.574652901378189 0.4868977943587637 0.4753998596036059 0.5002842832970514 0.4801948746310545 0.5358365351999301
0 0.6741088294959057 0.5192977991943399 0.6615485002927413 0.48159990099349886 0.6053861198212929 0.5003122966765832 0.6179464490244575 0.5380101948774242
0 0.5970860306652871 0.4504257001812078 0.5895054537023907 0.4124274606132225 0.5292969084006329 0.42443895158420275 0.5368774853635292 0.46243719115218807
0 0.959625912410786 0.2805833337038163 0.9548589404584563 0.2241155045686141 0.7425309112769767 0.24204007817632453 0.7472978832293063 0.2985079073115267
2 0.752880944209766 0.42537936602424287 0.7514523825406485 0.40340560285939386 0.7090751819382551 0.4061606359400237 0.7105037436073727 0.42813439910487266
2 0.6908532955223433 0.41976698557059094 0.6901399106231442 0.3845776521320641 0.6103903355520026 0.3861943961000251 0.6111037204512018 0.42138372953855197
2 0.7067773069780493 0.42220334682397076 0.6671192939821113 0.42055700374909727 0.6662562586526332 0.4413462710863638 0.705914271648571 0.4429926141612373
0 0.7587729841046706 0.6457775517508073 0.7569536452215 0.5790739857348579 0.6635932236168295 0.581620390002569 0.6654125625 0.6483239560185183