0 0.3609026900938131 0.45981953820367555 0.35335788696710074 0.3375888426571618 0.29977936520668513 0.3408960266398365 0.30732416833339754 0.4631267221863502
0 0.5135123865564695 0.2466010135362249 0.4450390037646041 0.2464637006085555 0.4448518653604565 0.3397833887089168 0.5133252481523218 0.33992070163658616
2 0.41807077325674813 0.5009057614193453 0.40818188436785924 0.4463131688267527 0.38585185185185183 0.450358025462963 0.3957407407407408 0.5049506180555555
2 0.4683569573845169 0.7375071599278472 0.45252303525518084 0.6656121264322765 0.4217271068116813 0.6723945188892606 0.43756102894101745 0.7442895523848313
2 0.3177158696166213 0.5625975391086824 0.31618847856656374 0.5165683829524802 0.2793703703703704 0.5177901226851852 0.28089776142042794 0.5638192788413874
2 0.27285185185185185 0.7466296296296296 0.2696387573982771 0.6839283864355854 0.23418889195856216 0.6857449974024813 0.23740198641213692 0.7484462405965258
2 0.4085187626207716 0.7624350965733335 0.406616388583161 0.739087773071403 0.36161638850984223 0.7427544388382468 0.3635187625474527 0.7661017623401774
2 0.4064676001932935 0.5390498272646407 0.3985925925925926 0.5181481481481481 0.3690618981964362 0.5292742611043176 0.376936905797137 0.5501759402208103
0 0.5262832357448088 0.46968369834432483 0.4967275201880228 0.3650364648950513 0.46160403225407753 0.37495645785158843 0.4911597478108635 0.479603691300862
0 0.5366988032538061 0.5583452795892007 0.5039221403372076 0.5020557728341148 0.46840983142590403 0.5227341380512831 0.5011864943425025 0.5790236448063688
0 0.6005188330341384 0.4906476838408176 0.5872272483771029 0.42619184025293366 0.5476514342206703 0.4343528580125431 0.5609430188777059 0.4988087016004271
0 0.8292307703763844 0.8748556847618704 0.7889273422964642 0.650883468516612 0.7298311285120671 0.6615177339714259 0.7701345565919872 0.8854899502166842
2 0.6211911665966601 0.6608769632068858 0.6148929202815071 0.6157143393460698 0.5920753298794653 0.6188964132023899 0.5983735761946183 0.664059037063206
2 0.6402131216182667 0.5944625754585224 0.6261893889360992 0.5094169559046327 0.5927268921019575 0.5149348075346336 0.606750624784125 0.5999804270885234
2 0.5980239578899625 0.6133139021139525 0.5972979018850153 0.5714886745144688 0.5752495846878249 0.5718714175147771 0.5759756406927722 0.6136966451142606
0 0.4385499318449363 0.6602386344795241 0.42016105523583713 0.5556560780554113 0.3559259259259258 0.5669506180555555 0.374314802535025 0.6715331744796684