0 0.7018170926517575 0.38738518370607045 0.6519593650159746 0.38539087460063903 0.6473142971246006 0.501517571884984 0.6971720247603835 0.5035118809904154
2 0.7745232972479781 0.446677876553561 0.7359374999999999 0.4359375000000001 0.6814158364568946 0.6318116245807852 0.7200016337048728 0.6425520011343461
2 0.7015625000000001 0.6421875 0.6846874999999999 0.6337499999999999 0.6675 0.668125 0.684375 0.6765625000000001
0 0.5714731668437832 0.33289718384697137 0.5138059577577045 0.3048029024973433 0.4691327377789585 0.3965005645589798 0.5267999468650372 0.4245948459086079
2 0.625 0.4984375000000001 0.603125 0.4984375000000001 0.603125 0.5500000000000002 0.625 0.5500000000000002
0 0.5610576923076921 0.5756009615384613 0.5185096153846154 0.5472355769230769 0.46995192307692324 0.6200721153846156 0.5125 0.6484375
0 0.65 0.634375 0.5890625000000002 0.634375 0.5890625000000002 0.696875 0.65 0.696875
0 0.5438158990011099 0.42146052996670363 0.5079703107658158 0.42026567702552714 0.5044898029966703 0.524680910099889 0.5403353912319645 0.5258757630410655
0 0.6428118063263042 0.3906041897891232 0.6404047586015539 0.31839275804661493 0.5744884156492785 0.3205899694783574 0.5768954633740287 0.39280140122086565
0 0.4817095588235296 0.4856617647058826 0.4394301470588238 0.4750919117647059 0.4224264705882352 0.5431066176470588 0.464705882352941 0.5536764705882354
0 0.471875 0.41718750000000004 0.4386038822525598 0.4132732508532424 0.4316712883959046 0.4722002986348124 0.46494240614334476 0.47611454778157003
0 0.6640625 0.5843750000000001 0.615625 0.5843750000000001 0.615625 0.6359375 0.6640625 0.6359375
0 0.6815009124087593 0.5655337591240875 0.6638001824817518 0.5168567518248175 0.6220232664233576 0.5320483576642338 0.639723996350365 0.5807253649635038
2 0.6249266696750904 0.7268501805054152 0.590495261732852 0.704715703971119 0.5580042870036102 0.7552572202166067 0.5924356949458485 0.7773916967509028
2 0.4510319047900572 0.6646518348707567 0.4077661405907254 0.6369779593115907 0.3939264233006683 0.6586151869408341 0.43719218750000005 0.6862890625000001