0 0.37606870089731725 0.5027535182444834 0.3698568526453932 0.38295348272418234 0.3183823423399045 0.38562252906854355 0.3245941905918286 0.5054225645888446
2 0.3404085862319119 0.6405540727553592 0.3124961025877587 0.4314475602401106 0.2687722189780318 0.4372840221055743 0.296684702622185 0.6463905346208229
2 0.364063569167057 0.6763615479335067 0.34740036073051317 0.6397333478197395 0.3300074414433128 0.6476458807452564 0.34667064987985663 0.6842740808590235
0 0.5638085176676689 0.3846247634678566 0.5002726915651766 0.2986902755016133 0.44721807664592617 0.33791630532061145 0.5107539027484185 0.42385079328685477
2 0.42640523793212964 0.5009841975727714 0.4049751152940133 0.49971426517256534 0.4018191140638293 0.5529718191950627 0.42324923670194564 0.5542417515952687
0 0.5658228788497676 0.6264451013481583 0.513525913659292 0.5499238703010306 0.47198021536508006 0.5783174796010205 0.5242771805555556 0.6548387106481482
0 0.447084826388889 0.6403225810185185 0.38301075231481496 0.6403225810185185 0.38301075231481496 0.7048387106481481 0.447084826388889 0.7048387106481481
0 0.5264980164417139 0.5264657068933739 0.5167027788184952 0.41922604277410336 0.47997610416666664 0.4225806458333334 0.4897713417898853 0.5298203099526039
0 0.44393070601851853 0.3161290324074074 0.37560334490740743 0.3161290324074074 0.37560334490740743 0.3903225810185185 0.44393070601851853 0.3903225810185185
0 0.6077587950748848 0.5487722525026696 0.596211757140727 0.47614694218855835 0.5543551189499658 0.48280192496101926 0.5659021568841235 0.5554272352751305
0 0.6030661433761272 0.4690249216899417 0.5823701114704197 0.4066596446565235 0.553835125 0.4161290324074074 0.5745311569057074 0.47849430944082566
0 0.4272161025542172 0.6034950723685396 0.37646828862960846 0.5765758014008159 0.35515852866401004 0.6167486476420421 0.4059063425886188 0.6436679186097657
0 0.40536850551431547 0.5334850383702524 0.3608674549140867 0.5196103022362025 0.34515208608710474 0.5700148949155912 0.38965313668733353 0.5838896310496411
2 0.48329677609995014 0.7639165270012211 0.44651888768827724 0.7127308094996198 0.4128340511627894 0.736933989983728 0.4496119395744624 0.7881197074853294
2 0.6472618119346687 0.6646546253986455 0.6299660093616931 0.642197183210539 0.5886930343570168 0.6739839388571055 0.6059888369299924 0.696441381045212