0 0.6558407155673547 0.7007291969317483 0.6539851448307222 0.6461431600842301 0.5264275418669122 0.6504792901453997 0.5282831126035448 0.7050653269929179
2 0.6047257823887409 0.7404342311131216 0.3866721415244772 0.6986390445373425 0.37835776558135403 0.7420167656207293 0.5964114064456176 0.7838119521965083
2 0.3850980127721841 0.6979888709475962 0.3429264622762061 0.689744600849199 0.3389997217081028 0.7098308833430934 0.3811712722040808 0.7180751534414905
0 0.7346623207249974 0.4928217242321422 0.6397665589572205 0.4368889459495988 0.6031154543652152 0.4990713476947718 0.6980112161329921 0.5550041259773152
2 0.529253070928011 0.6250025038720437 0.5270854525033213 0.6013609925296487 0.4706421369767273 0.6065361088288603 0.472809755401417 0.6301776201712553
0 0.4685554949911048 0.5121405743199099 0.38392723269911416 0.46666202505824517 0.35789407175925936 0.5151055486111114 0.44252233405125 0.5605840978727761
0 0.3821768145682623 0.6645668203479871 0.3782538406162547 0.5983666165398126 0.30993473748689815 0.602415154861199 0.3138577114389058 0.6686153586693735
0 0.6068397977918316 0.49191481133276893 0.49282132632064907 0.49180970486147935 0.4927852649770514 0.5309286974959048 0.606803736448234 0.5310338039671944
0 0.726480544905109 0.6292028031293107 0.7200279647298331 0.5565914686374318 0.6414315384982209 0.5635759118417687 0.6478841186734968 0.6361872463336475
0 0.5406019363114719 0.41514837039328834 0.46329451796513976 0.412608036682214 0.4618070246341269 0.4578754236899493 0.539114442980459 0.4604157574010237
0 0.61426770998201 0.42022093727745236 0.5479865648084596 0.4067947028340575 0.5415434034375607 0.43860258731586443 0.607824548611111 0.4520288217592594
0 0.4502097303478897 0.6618552166687096 0.4186088792024356 0.6117090969310698 0.37665263077780736 0.638148892632614 0.4082534819232614 0.6882950123702537
0 0.5114216051603875 0.6704439433016612 0.4928314335086555 0.6257149205255127 0.44016684901858155 0.6476032517447606 0.45875702067031354 0.6923322745209091
2 0.30148138909135513 0.6049601783728684 0.2448802633613464 0.5726935019571685 0.2224156325802059 0.6121002067240369 0.2790167583102146 0.6443668831397368
2 0.3635666488752146 0.399909923257185 0.3391356556896328 0.3863724096686496 0.31168056018518525 0.435920300925926 0.3361115533707671 0.44945781451446143