0 0.35 0.384375 0.3 0.384375 0.3 0.4984375 0.35 0.4984375
0 0.5084466911764708 0.31206801470588236 0.44464154411764717 0.30715992647058815 0.43795955882352944 0.39402573529411766 0.501764705882353 0.3989338235294118
2 0.3992571721311476 0.5418288934426231 0.3945696721311475 0.490266393442623 0.3734375 0.49218750000000006 0.37812500000000004 0.5437500000000001
2 0.42648253582395096 0.7657865276356193 0.4176992707267144 0.6977162231320366 0.38844837512794256 0.7014905322415557 0.3972316402251791 0.7695608367451383
2 0.3031057692307694 0.5487836538461538 0.26875000000000004 0.5468749999999999 0.2663701923076924 0.5897115384615385 0.30072596153846165 0.5916201923076922
2 0.24375000000000005 0.7 0.21250000000000005 0.7 0.21250000000000005 0.759375 0.24375000000000005 0.759375
2 0.36875000000000013 0.7625 0.3265625000000001 0.7625 0.3265625000000001 0.784375 0.36875000000000013 0.784375
2 0.38540683962264155 0.5762676886792453 0.3796875 0.5562500000000001 0.35120872641509443 0.5643867924528302 0.35692806603773586 0.5844044811320754
0 0.5025729460507757 0.5209659291255291 0.48372928420310296 0.4213637165021157 0.45017520275035267 0.4277117859661495 0.4690188645980254 0.527313998589563
0 0.4996754807692308 0.6097475961538463 0.4839903846153846 0.552235576923077 0.44644230769230764 0.5624759615384617 0.46212740384615386 0.619987980769231
0 0.5699133211678832 0.5460196167883212 0.5628854927007299 0.48511177007299267 0.5253444343065693 0.48944343065693424 0.5323722627737226 0.5503512773722627
0 0.7510124531224521 0.9211030490787542 0.7320336703081689 0.7096251834338823 0.6761138512962661 0.7146436287298222 0.6950926341105493 0.9261214943746942
2 0.5750662406483791 0.7060123129675812 0.5729426433915212 0.6635403678304241 0.55143391521197 0.6646158042394016 0.5535575124688279 0.7070877493765587
2 0.5982724129894345 0.6457155065257925 0.5922593614045992 0.5655414853946552 0.5606403433809819 0.5679129117464264 0.5666533949658172 0.6480869328775638
2 0.5602157360406093 0.6210421954314721 0.5396732233502538 0.6195748730964468 0.5368892766497462 0.6585501269035534 0.5574317893401015 0.6600174492385789
0 0.40513700364667743 0.6917025425445705 0.39669646474878445 0.5932295887358185 0.3359375 0.5984375 0.34437803889789304 0.6969104538087519