0 0.4403596358969207 0.5870013521313374 0.33925263081580603 0.5652605977193379 0.3278164212733467 0.6184455458773436 0.42892342635446135 0.6401863002893431
2 0.46350237755049645 0.5317067718641163 0.4617954681845254 0.459933667414082 0.3694631151868626 0.4621295172288768 0.37117002455283366 0.5339026216789111
2 0.4654868980265863 0.45388791111625104 0.38330340312373207 0.44086225193388673 0.37047280423360424 0.5218150424011094 0.4526562991364585 0.5348407015834737
2 0.38607687768863663 0.5587385917123514 0.3209822844136454 0.4953959094550808 0.19709750405826795 0.6227070542127575 0.2621920973332591 0.6860497364700282
2 0.522978109589612 0.551935026734587 0.38985663474613647 0.5353517478006061 0.3711748229550679 0.6853190943233286 0.5042962977985435 0.7019023732573095
0 0.23245079994884554 0.5119806239923752 0.15657004338253896 0.3147176045023992 0.09430945218443781 0.3386672569846148 0.1701902087507444 0.5359302764745908
0 0.19578174368779447 0.145292659293977 0.1744184821504968 0.047311333064219564 -0.013767396182422497 0.08834225488523141 0.007595865354875175 0.18632358111498884
0 0.42016068395326417 0.43220539878987246 0.3569301163416675 0.30171597387325194 0.25217461516768497 0.35247679072795574 0.31540518277928165 0.4829662156445763
2 0.6390884018359889 0.6751247538592962 0.6290745002700736 0.6226575507242986 0.5832821276753659 0.6313974927115482 0.5932960292412813 0.6838646958465459
2 0.5619225248872615 0.7004085426072136 0.5291236432936257 0.6646724636487227 0.470286538164954 0.7186736663735415 0.5030854197585898 0.7544097453320324
0 0.4882026316207658 0.7442083009225942 0.48261499331128627 0.6734692842784484 0.4244532825282626 0.6780634477081007 0.43004092083774215 0.7488024643522464
0 0.29788513154809987 0.7004346421508659 0.26210602832219587 0.6692165841898339 0.20967799297950937 0.7293045015996492 0.24545709620541342 0.7605225595606813
0 0.5244179127126262 0.5337368535621844 0.4781879426878187 0.5333944111411777 0.4778995618689941 0.5723260264790159 0.5241295318938016 0.5726684689000225
2 0.7417233072987679 0.6407171494784403 0.7022637713347619 0.43249223220481503 0.5466822817342213 0.46197560751171346 0.5861418176982274 0.6702005247853386