2 0.7413356164383562 0.20356164383561642 0.735712756849315 0.05174443493150683 0.5812371575342465 0.057465753424657526 0.5868600171232877 0.20928296232876709
2 0.8484543918918921 0.2198986486486486 0.7754307432432433 0.1667905405405406 0.744079391891892 0.2098986486486488 0.8171030405405406 0.2630067567567568
2 0.6578125 0.27812500000000007 0.6171875 0.27812500000000007 0.6171875 0.34531250000000013 0.6578125 0.34531250000000013
2 0.68125 0.3640625000000001 0.6171875 0.3640625000000001 0.6171875 0.47812500000000013 0.68125 0.47812500000000013
2 0.8335114644970416 0.39450998520710057 0.8281601331360947 0.31691568047337276 0.8015625000000001 0.31875000000000003 0.806913831360947 0.39634430473372784
2 0.8203088042019681 0.29765201704714955 0.8108836841448237 0.24915354474232862 0.6905207272503707 0.2725447004891116 0.6999458473075151 0.3210431727939326
2 0.6137458240534521 0.19777978841870844 0.5506890311804011 0.17570991091314042 0.49704899777282846 0.32896714922049 0.5601057906458796 0.351037026726058
0 0.7847919264339153 0.6020885286783043 0.7792900561097258 0.49205112219451375 0.7180369389027433 0.49511377805486284 0.7235388092269327 0.6051511845386534
0 0.8197555693069307 0.6272431930693071 0.8131806930693068 0.5614944306930694 0.7865717821782178 0.5641553217821783 0.7931466584158415 0.6299040841584159
0 0.8375 0.5906250000000002 0.8171875 0.5906250000000002 0.8171875 0.6609375 0.8375 0.6609375
0 0.8125777714932126 0.36459276018099546 0.7890695701357466 0.2987697963800905 0.7256221719457014 0.3214295814479638 0.7491303733031673 0.38725254524886876
0 0.8240793918918919 0.5094763513513514 0.7950253378378378 0.4695270270270271 0.7602787162162161 0.49479729729729743 0.7893327702702704 0.5347466216216218
2 0.8856250000000001 0.3290625000000001 0.8525000000000001 0.26281249999999995 0.7887500000000001 0.2946874999999998 0.821875 0.36093749999999997
0 0.7976543017456359 0.47027353491271834 0.7942487531172069 0.4021625623441396 0.7619856608478801 0.40377571695760606 0.7653912094763092 0.4718866895261847
2 0.7414062500000002 0.3710937500000001 0.7203124999999999 0.35 0.6921875000000001 0.37812500000000004 0.7132812500000002 0.39921875000000007
2 0.577025 0.33417500000000006 0.5355 0.326625 0.5274500000000001 0.3709 0.568975 0.37845000000000006