2 0.562889131227395 0.6448959424519957 0.556806 0.5702393703703704 0.45106666295642117 0.5788551726393332 0.45714979418381624 0.6535117447209585
2 0.5970862408117583 0.391512031163044 0.5831992515333891 0.2783411136459821 0.32244741581422337 0.3103374783162713 0.33633440509259266 0.4235083958333333
0 0.5226957354918089 0.3219282367817675 0.47429625287791316 0.312135869542561 0.46323687037037026 0.36679766666666674 0.511636352984266 0.3765900339058732
0 0.44370099433296234 0.4717305051226633 0.4298094378316702 0.39750188124178076 0.33637213121827864 0.4149882572014297 0.3502636877195708 0.48921688108231226
0 0.6544075514755252 0.5895999506861348 0.6467868035075105 0.5144273397590144 0.5644220930002939 0.5227771987368081 0.5720428409683087 0.5979498096639283
2 0.6470498759075151 0.6377665943627915 0.641533210816573 0.5824501257366607 0.5215141969782098 0.5944195214760449 0.527030862069152 0.6497359901021758
2 0.5898371023362773 0.4541658155102607 0.46645623592928587 0.3951246627585641 0.43775809661972154 0.455096413431756 0.5611389630267131 0.5141375661834525
2 0.35905706554375666 0.6115361025589928 0.33086280397181383 0.5656384696648049 0.2784627512454894 0.5978270750413723 0.30665701281743224 0.6437247079355605
2 0.5551133119944507 0.5148640183186862 0.514624691546609 0.5136918107698905 0.5137191851851853 0.5449684421296297 0.554207805633027 0.5461406496784255
2 0.6535596254226933 0.5146377253285528 0.6496863216644866 0.4915089811700408 0.5990805791873227 0.49998377820961554 0.6029538829455295 0.5231125223681276
2 0.6084359088291124 0.4843214079749798 0.6082529467592592 0.44612361574074066 0.5672411013664385 0.4463200567307213 0.5674240634362916 0.4845178489649604
2 0.49890993669679523 0.4913306172112277 0.45390743485786256 0.48592491937023213 0.44818891847735975 0.5335316394458302 0.4931914203162925 0.5389373372868258