2 0.5088690431926085 0.46228264788001777 0.46798603067245564 0.37903600050935937 0.38776446968109046 0.4184333718868904 0.4286474822012434 0.5016800192575488
0 0.5471717627524532 0.4853644380061378 0.5261781807226146 0.39665108162089524 0.4794169218798698 0.40771690488961077 0.5004105039097083 0.49643026127485335
0 0.4560719117471939 0.39043482402755153 0.4336926054374337 0.34390575191304457 0.37780094139887654 0.37078822802610456 0.40018024770863675 0.4173173001406116
0 0.8136826644317295 0.3249123433706149 0.8135158374630452 0.20467964967240032 0.5267864508269546 0.2050774964887185 0.5269532777956388 0.3253101901869331
0 0.6772355040780824 0.4212966095976256 0.5397730976712405 0.40065544860084007 0.5317133058391419 0.4543306454829835 0.6691757122459839 0.47497180647976905
0 0.8337872652713642 0.4743472324486162 0.8043335558137472 0.3823720152483207 0.6889196425651275 0.4193316221040306 0.7183733520227443 0.5113068393043261
0 0.724006837053284 0.5173006864271302 0.6955220739956103 0.4621030476762462 0.6386183205821607 0.491468251872566 0.6671030836398344 0.5466658906234501
2 0.6319803368301284 0.524372527338388 0.6260503184538508 0.4778081934845503 0.49964501157407415 0.4939060462962963 0.5055750299503516 0.540470380150134
0 0.8354391452239501 0.5917664736458164 0.7837705800304042 0.573878129243473 0.7690958533395197 0.6162645041740736 0.8207644185330657 0.634152848576417
0 0.5093672079316713 0.5485561432838191 0.4825429205830882 0.4749673734492209 0.4307227713419292 0.4938566493104105 0.45754705869051243 0.5674454191450087
0 0.41485423186155806 0.8197241457547939 0.41328134841862085 0.7798642387386147 0.1998648847803646 0.7882857140313335 0.2014377682233018 0.8281456210475128
2 0.3951026723897854 0.5777760558816111 0.38179076921668886 0.43953704437752633 0.31962254060283296 0.4455236138035246 0.3329344437759295 0.5837626253076094
2 0.4652098090292242 0.6551027586614581 0.4644001201467194 0.591724256198781 0.30519346041344336 0.5937581929028342 0.3060031492959482 0.6571366953655113