2 0.4511745689655172 0.5047198275862069 0.44342672413793094 0.4117456896551725 0.36118534482758613 0.4185991379310347 0.3689331896551724 0.5115732758620691
0 0.5016755396732788 0.5156632876312719 0.4896422841306884 0.4284221849474913 0.4430608226371062 0.4348472141190199 0.4550940781796966 0.5220883168028005
0 0.4221807975871314 0.41663455093833784 0.40408847184986596 0.37011142761394106 0.34746146112600534 0.3921330428954424 0.3655537868632707 0.43865616621983916
0 0.7862192622950821 0.26408811475409866 0.5081198770491805 0.2388063524590161 0.49746413934426215 0.3560194672131146 0.7755635245901639 0.38130122950819717
0 0.6336213235294117 0.46198529411764716 0.5020955882352942 0.43275735294117657 0.49055147058823534 0.48470588235294126 0.6220772058823529 0.5139338235294117
0 0.7814393056849953 0.5272046831314072 0.7614500815470643 0.4358253727865797 0.6454202586206896 0.4612068965517242 0.6654094827586208 0.5525862068965518
0 0.6709522058823528 0.5589411764705884 0.647658088235294 0.5036176470588237 0.58975 0.5280000000000001 0.6130441176470588 0.5833235294117648
2 0.5808399516574586 0.5593965814917127 0.5784400897790055 0.5137992058011049 0.4546875 0.5203125 0.4570873618784531 0.5659098756906077
0 0.7711049284578698 0.6392711645469 0.7227121422893483 0.6182308227344993 0.7051495429252783 0.6586248012718602 0.7535423290937998 0.679665143084261
0 0.4559750000000001 0.5766125 0.44292500000000007 0.5048374999999999 0.3880624999999999 0.5148124999999999 0.4011124999999999 0.5865874999999999
0 0.34316501835236546 0.7907868576672106 0.13596808727569343 0.7848669453507341 0.1348491027732464 0.8240314029363786 0.3420460338499185 0.8299513152528549
2 0.3453125000000001 0.459375 0.28437500000000004 0.459375 0.28437500000000004 0.5953125 0.34531250000000013 0.5953125
2 0.4087396291483408 0.608331042582967 0.2550823420631748 0.6052578968412635 0.25383659036385453 0.6675454818072771 0.40749387744902055 0.6706186275489805