2 0.47761788292001695 0.4860302907265911 0.4636741837448041 0.38806217268141907 0.37426958157666446 0.40078703565099577 0.3882132807518773 0.4987551536961678
0 0.5310712959859694 0.5077697962867548 0.5155315974330871 0.4099465068251986 0.46544179696870025 0.41790351178868934 0.4809814955215825 0.5157268012502455
0 0.4413811939433161 0.3956134719504768 0.4237384374098262 0.34255302869696 0.3616543682221086 0.3631961679194098 0.37929712475559857 0.41625661117292656
0 0.8388982020515661 0.2518310746593058 0.5355452203312957 0.20894635344322124 0.5177705102658676 0.3346790420245927 0.8211234919861381 0.37756376324067736
0 0.6756123761974159 0.45077676402742917 0.5290812381126606 0.42107944742943687 0.5174138843044958 0.47864796970001405 0.663945022389251 0.5083452862980063
0 0.8352009194588649 0.5316695153066884 0.8110864168615881 0.4303005700878671 0.6871842133230807 0.4597754748783621 0.7112987159203575 0.5611444200971833
0 0.714579591198582 0.5678668657074637 0.6914721125202111 0.5045951923855395 0.6283414918073343 0.5276511571717535 0.6514489704857054 0.5909228304936777
2 0.6171046659380269 0.560752039150258 0.6167668233951447 0.5098371258258014 0.48001516666666677 0.5107445324074075 0.480353009209549 0.5616594457318639
0 0.8304088706957842 0.6620887732682474 0.7766455767937583 0.6357816330703857 0.7561617035541709 0.6776440509899623 0.8099249974561966 0.7039511911878239
0 0.48697931157668584 0.5677398487289596 0.46182391922882354 0.4846665499993062 0.4067794826631889 0.5013345338105871 0.43193487501105127 0.5844078325402404
0 0.36779405843069424 0.7991899456007919 0.13844074738280956 0.7790584693235824 0.13471924450679515 0.8214567015711803 0.3640725555546798 0.8415881778483899
2 0.362285754260008 0.5812687184353394 0.3590514075777706 0.43572309716904245 0.2926189537417379 0.43719937371235623 0.29585330042397523 0.5827449949786532
2 0.4360624387445775 0.6042245187702278 0.2658211123876247 0.5907373104856104 0.2604726119698621 0.6582483762247759 0.43071393832681487 0.6717355845093933