0 0.6756982853982301 0.6135992809734515 0.6721377212389382 0.5601908185840708 0.5741357853982302 0.5667242809734513 0.5776963495575221 0.6201327433628318
2 0.6375 0.4562500000000001 0.5499999999999999 0.4562500000000001 0.5499999999999999 0.5203125000000002 0.6375 0.5203125000000002
2 0.6392183131407267 0.5123194315004659 0.622093429636533 0.4340342497670084 0.5473497204100651 0.4503844361602983 0.564474603914259 0.5286696178937557
2 0.7982469512195123 0.6251524390243901 0.6901676829268295 0.49005335365853664 0.6248094512195123 0.5423399390243903 0.7328887195121951 0.6774390243902438
2 0.6346153846153846 0.6675480769230767 0.6164423076923079 0.5221634615384615 0.4920192307692309 0.5377163461538459 0.5101923076923076 0.6831009615384611
0 0.898667445717732 0.35812914656212314 0.8383632388419779 0.33579425512665867 0.7696622436670685 0.5212869420989142 0.8299664505428225 0.5436218335343788
0 1.0112132352941177 0.12858455882352865 0.8262867647058817 0.08235294117647089 0.8032169117647058 0.17463235294117713 0.9881433823529417 0.2208639705882349
0 0.7464073275862069 0.3501745689655173 0.6306961206896551 0.31902155172413804 0.5974159482758621 0.44263362068965534 0.7131271551724139 0.4737866379310346
2 0.43502286585365857 0.5995807926829267 0.3911661585365854 0.5901829268292684 0.38060213414634164 0.6394817073170732 0.4244588414634148 0.6488795731707317
2 0.5406250000000001 0.6921875000000002 0.48515625000000023 0.6367187499999999 0.45390625 0.6679687499999999 0.5093749999999999 0.7234375000000001
0 0.5976108661825726 0.6989983143153528 0.5677288641078838 0.6473839470954356 0.5142667271784233 0.6783357105809129 0.5441487292531122 0.72995007780083
0 0.7862260114107885 0.7260665197095435 0.7478215767634856 0.6597315871369295 0.7079713433609959 0.6828027748962656 0.7463757780082988 0.7491377074688798
0 0.5357788461538462 0.5502692307692307 0.533826923076923 0.5151346153846155 0.490298076923077 0.5175528846153847 0.4922500000000001 0.5526875000000001
2 0.47092323466476466 0.4386991797432241 0.32157854850213985 0.4099790477888731 0.28380884450784594 0.6063815085592011 0.4331535306704708 0.6351016405135522