2 0.4453137079028099 0.21348956956155604 0.4410460296212411 0.0429930603347204 0.2749563275194441 0.04715043233996784 0.27922400580101286 0.21764694156680348
2 0.27668235062028884 0.2147584057404518 0.24256300656127683 0.1659057116379339 0.16582551582796232 0.21950015298155384 0.19994485988697427 0.2683528470840717
2 0.42264259296546886 0.36153796991836534 0.41769333790420726 0.2872991915525209 0.3743479967440716 0.290188882814165 0.3792972518053332 0.36442766118000947
2 0.431903775106809 0.5004557330213552 0.4238454669146477 0.3795810706426098 0.35549319376211064 0.3841378873638186 0.36355150195427194 0.5050125497425639
2 0.22300660114968518 0.40964377888472825 0.22281879166666668 0.32811334722222224 0.19402355686785716 0.3281796785055318 0.19421136635087563 0.4097101101680379
2 0.34064162850924984 0.2773424712441748 0.2080382914078287 0.25549008215206537 0.1996906684582391 0.306144619526182 0.33229400555966015 0.3279970086182914
2 0.5458483509911413 0.3534071665591419 0.5010866680129173 0.18002847051678353 0.43478637174089346 0.19714541112617423 0.4795480547191173 0.37052410716853257
0 0.3290320971753254 0.5183780553575784 0.26162452692100496 0.5172529277972823 0.259635988253386 0.6363883615659475 0.32704355850770644 0.6375134891262435
0 0.2620497009519737 0.6552189349871661 0.2500980476920579 0.587769547387203 0.22294767544378788 0.5925804411037405 0.23489932870370367 0.6600298287037036
0 0.24210462104037123 0.6910621354224531 0.22550335648148148 0.6195625162037037 0.20099672898252305 0.6252526305148256 0.2175979935414128 0.696752249733575
0 0.3099088546800233 0.33670941421151 0.24015906428873388 0.3082555271709038 0.21291671366830472 0.3750354452478006 0.2826665040595942 0.40348933228840667
0 0.28003812147689483 0.5177134469787233 0.23922180578389401 0.4916422947676761 0.21265876564908234 0.5332286973605355 0.25347508134208313 0.5592998495715826
2 0.23616812532850484 0.299695744408327 0.16353467592592597 0.26774794907407407 0.1323224142579915 0.3387091595388018 0.20495586366057036 0.37065695487305483
0 0.27352851331534617 0.48985215323691783 0.2711678624595991 0.4191025515936236 0.2363418097924011 0.42026456733818723 0.23870246064814815 0.4910141689814815
2 0.3445306316112782 0.3953629430836867 0.3123303888224199 0.3642807605732593 0.29115024222200664 0.3862227803335553 0.32335048501086494 0.41730496284398266
2 0.5218214263657358 0.3918878456691128 0.5086355191137542 0.34409343908581114 0.46581859863022274 0.3559061172352366 0.4790045058822043 0.4037005238185381