0 0.37710661016093716 0.5347442467218355 0.2758587426515247 0.5271468591218272 0.2717511613440324 0.5818872343535282 0.3729990288534449 0.5894846219535365
2 0.41644263539687826 0.41695591523966197 0.3246405891484844 0.4128584520993648 0.3215127476851852 0.48293650694444445 0.413314793933579 0.48703397008474164
2 0.41897348981155685 0.4207513478369466 0.34642086747434275 0.39507246258704815 0.3171727831906452 0.47770943037094005 0.38972540552785934 0.5033883156208385
2 0.3329856162851981 0.5155786087888197 0.2751440554186384 0.46114201192741144 0.14093534235892308 0.603745368728532 0.1987769032254828 0.6581819655899402
2 0.47166087461725353 0.5191649848746296 0.3527476914671854 0.4836112016460877 0.3065666913880772 0.638068174203984 0.42547987453814534 0.673621957432526
0 0.18855105593166743 0.5005355022984022 0.12878288450728761 0.3114234076961577 0.061550773038390974 0.33267186550604927 0.12131894446277078 0.5217839601082938
0 0.1848800084891634 0.1337404056443988 0.15446201048626945 0.04662576476487123 -0.025150004832685716 0.1093412608985604 0.005267993170208207 0.19645590177808797
0 0.3817445275686681 0.3940049512446273 0.33102087625523435 0.27574525452213067 0.216279183200512 0.3249599725615151 0.2670028345139458 0.44321966928401174
2 0.5741483859390888 0.6013145277774444 0.5698698957914501 0.5485077177716038 0.5229697667431285 0.5523076394111429 0.527248256890767 0.6051144494169836
2 0.49556081223287196 0.6301816292679795 0.466155212828532 0.5995708834246221 0.4027994735991801 0.6604323043543056 0.43220507300352007 0.6910430501976632
0 0.41904388117394226 0.6212664061468727 0.36113373641870733 0.620722738191291 0.3604789076611347 0.6904734523019949 0.41838905241636964 0.6910171202575766
0 0.23316260925695179 0.6671397707367726 0.20167585787371017 0.6399762401506057 0.14433141408917483 0.706447358068298 0.17581816547241644 0.7336108886544649
0 0.4718186117158683 0.5125788335477662 0.4716823183774058 0.47597631050794115 0.4247570635494647 0.4761510416222893 0.4248933568879271 0.5127535646621143
2 0.6814254528011675 0.572214346828491 0.6592961371819209 0.361353601237274 0.49902092554044447 0.3781740897279659 0.5211502411596911 0.589034835319183