2 0.6992843934911243 0.5042825443786982 0.692192122781065 0.4073548446745561 0.6201691937869822 0.41262481508875737 0.6272614644970415 0.5095525147928995
2 0.4627878785800507 0.3876988916931856 0.3503056245199167 0.3868656898112587 0.34841915395588724 0.6415392159552289 0.46090140801602125 0.6423724178371558
0 0.42236362310385084 0.4683324824970829 0.3718695303383899 0.4613677800466745 0.36513090723453917 0.5102227975495917 0.41562500000000013 0.5171875000000001
0 0.5292099633251836 0.5417252444987778 0.45494345965770194 0.5305852689486553 0.4414540036674817 0.6205149755501224 0.5157205073349632 0.6316549511002448
0 0.6504140127388536 0.3990923566878981 0.6477866242038217 0.32552547770700635 0.5741082802547771 0.3281568471337579 0.5767356687898091 0.40172372611464974
2 0.6987409822419535 0.43722946725860157 0.6950489039955605 0.32646711986681465 0.6404741259711432 0.32828627913429526 0.6441662042175361 0.4390486265260822
2 0.5662012500000001 0.41503375000000015 0.512765 0.38573000000000013 0.44440375 0.5103887500000001 0.49784000000000006 0.5396925000000001
2 0.6734644396551724 0.655792025862069 0.653259698275862 0.6086476293103448 0.5991379310344828 0.6318426724137931 0.6193426724137931 0.6789870689655173
2 0.5969073275862068 0.4183620689655172 0.5672952586206895 0.41589439655172417 0.5641379310344827 0.453782327586207 0.59375 0.45625000000000004
2 0.5795731707317073 0.37134146341463414 0.5753459193245779 0.32272807223264544 0.5521517354596622 0.3247449577861164 0.5563789868667918 0.3733583489681051
2 0.5426615168539326 0.4073209269662922 0.5388272471910113 0.367061095505618 0.5046875000000001 0.3703125 0.5085217696629214 0.4105723314606742
2 0.5851773648648648 0.47956081081081087 0.5403293918918918 0.47208614864864873 0.5331503378378378 0.5151604729729731 0.5779983108108108 0.5226351351351352