2 0.412971276148818 0.183246527634332 0.4101747146610413 0.0239405304231522 0.24810827080140024 0.026785550593723645 0.250904832289177 0.18609154780490342
2 0.2491562416351981 0.1937985747674031 0.2148458958679205 0.14979086047465462 0.14017905973853897 0.20800440339819312 0.17448940550581657 0.2520121176909416
2 0.38980447617723574 0.32718495450307356 0.3856315432124543 0.25676672052015975 0.3431664650661591 0.25928316994562667 0.34733939803094055 0.3297014039285404
2 0.39801848878111024 0.46579643544530464 0.3909571320310863 0.34663600141778567 0.3239929695207693 0.3506042467905973 0.33105432627079323 0.46976468081811623
2 0.1961356181616201 0.390476779396741 0.19535221527777774 0.309477125 0.16698168663372678 0.3097515157257557 0.16776508951756913 0.39075117012249677
2 0.30752206585550323 0.2501471353730196 0.1802833005337261 0.2394420615304868 0.17602453089585288 0.29006110428382986 0.30326329621763004 0.3007661781263626
2 0.5107090749901911 0.3120381944011776 0.46856455201067554 0.1466301749475073 0.4025328980606521 0.1634544653686356 0.4446774210401677 0.32886248482230585
0 0.2957171690633242 0.489717043761279 0.23075103804503852 0.4891170607964066 0.22968767198752643 0.6042582942269613 0.29465380300581206 0.6048582771918336
0 0.23158968759707235 0.6289106329398544 0.2202118336214964 0.5625123375777227 0.19334255343183143 0.5671165935267571 0.20472040740740743 0.6335148888888888
0 0.2118184283165516 0.664660840406801 0.1958605671296296 0.594638101851852 0.17149969999626913 0.6001898318202842 0.18745756118319112 0.6702125703752332
0 0.27656530735135476 0.30979793011645707 0.20917492889989067 0.2875965073330615 0.18645323547562706 0.356566119499741 0.25384361392709115 0.3787675422831365
0 0.24947769485994928 0.4909682357207219 0.21075306330072974 0.4673031794800835 0.18416252351253182 0.5108149652028019 0.22288715507175136 0.5344800214434402
2 0.2073397088289409 0.2834328409999429 0.13855710378012526 0.2538836392926271 0.10801109733838092 0.32498653803458866 0.17679370238719655 0.35453573974190455
0 0.24365633095411268 0.46683946845272933 0.24182094760456138 0.3959236729308391 0.20781119072452275 0.3968038850336652 0.20964657407407405 0.46771968055555546
2 0.3134136158162857 0.3656403860957819 0.2822624557913365 0.33775682973954063 0.26150130655377857 0.3609509257127488 0.29265246657872773 0.38883448206899013
2 0.48722555872632967 0.34819124076224256 0.4735836337283046 0.30287998155953016 0.43112448190203234 0.3156632185493133 0.4447664069000574 0.3609744777520257