2 0.6731732564313196 0.4551656153631207 0.6709029452932562 0.3491920683339562 0.5912012961868295 0.3508995467260736 0.5934716073248929 0.4568730937552381
2 0.4117310426288706 0.33767126930011243 0.28835828074180514 0.3338455036066358 0.279483263888889 0.6200458171296296 0.4028560257759545 0.6238715828231063
0 0.3684917228010086 0.4267369408311433 0.3110247054315016 0.42261209091848634 0.3071007680284237 0.4772800142791897 0.3645677853979307 0.4814048641918467
0 0.47494352928852784 0.4990101983802313 0.3959149081875791 0.4923728583814483 0.3874452151118882 0.5932187040128049 0.4664738362128369 0.599856044011588
0 0.6257851388826801 0.2567523670464747 0.545101657052141 0.2563238379746248 0.5446752640841179 0.33660513403618636 0.625358745914657 0.3370336631080362
2 0.6783885980052168 0.37330172003817924 0.6782957506381451 0.25463669698363534 0.6182456291453695 0.2546836821485089 0.6183384765124411 0.3733487052030528
2 0.5305552105985896 0.35974263506713416 0.4755256425906697 0.32787673404831136 0.39304802016002754 0.4703082293949389 0.4480775881679474 0.5021741304137617
2 0.6374772104702466 0.6138734885535475 0.6140040067089372 0.5654223787166949 0.5551060849227282 0.5939567698557352 0.5785792886840376 0.6424078796925877
2 0.5632309939442298 0.3591011447875392 0.5302686224438736 0.35854939008443093 0.529565961043548 0.4005270768826034 0.5625283325439042 0.40107883158571167
2 0.5489673322707374 0.3100881613474105 0.5470790728282795 0.25661060018039594 0.5213521641686533 0.2575190013329854 0.523240423611111 0.31099656249999996
2 0.506404682205182 0.35390305622075113 0.5045489700904539 0.31140268063682014 0.46662848611111113 0.31305841898148146 0.4684841982258392 0.35555879456541245
2 0.5476072311832633 0.4274356773020238 0.49785417009903743 0.42073242503043096 0.4913060070126824 0.46933437895144636 0.5410590680969082 0.4760376312230392