2 0.6305286769209828 0.5940050689242187 0.5958096024643295 0.4925071865298656 0.5476468254704147 0.50898208237049 0.5823658999270681 0.6104799647648432
2 0.545124265870468 0.5972089180857815 0.5358100729575503 0.5469822935142643 0.5110079100689406 0.5515816893879245 0.5203221029818584 0.6018083139594417
2 0.24288812163145257 0.6124367469494382 0.10380761646818372 0.5209009413577925 0.08584522162447869 0.5481932007382311 0.22492572678774753 0.6397290063298768
2 0.4799174867622998 0.8151630176300676 0.4644355152752255 0.7307428052402892 0.18043706188574585 0.782825781973969 0.19591903337282018 0.8672459943637473
2 0.3660296991106109 0.3983624551580776 0.3251996086449631 0.31687456562424576 0.2689781073809801 0.34504475135190416 0.30980819784662783 0.426532640885736
2 0.23306166796303904 0.22050427962356536 0.12673838847819976 0.20608015471687546 0.11267011742254288 0.3097803601016295 0.21899339690738215 0.32420448500831933
2 0.4459816121848071 0.3978893980488207 0.3779316207696188 0.39234458420910506 0.3741996760517455 0.43814572620493103 0.4422496674669337 0.4436905400446467
2 0.44788631617257224 0.19596327577005324 0.3393656680632847 0.1914260567062145 0.33538572048177795 0.286617953969531 0.44390636859106547 0.29115517303336974
2 0.07871197566368292 0.49351793226173774 0.07139661590133782 0.4037385387052719 0.03315113425925926 0.40685483796296296 0.04046649402160436 0.49663423151942887
2 0.10096277775100558 0.32124267110572785 0.10027585198413654 0.2853189410166489 0.02336803703703704 0.2867895555555556 0.024054962803906104 0.3227132856446346
2 0.34744563514257615 0.5162978195107656 0.33061788544447956 0.41362966792426586 0.29164983051657156 0.4200166989988055 0.30847758021466815 0.5226848505853051
2 0.6224357513824159 0.3342284544143362 0.5883944163392728 0.19939388469983182 0.5050427793282751 0.22043745689273211 0.5390841143714182 0.35527202660723645
0 1.0549067429593801 0.34582576621679173 0.732925862459061 0.2310666754971915 0.5764313380967382 0.6701451348305514 0.8984122185970574 0.7849042255501516
2 0.7652845851538435 0.5875974848150146 0.7508289698204345 0.43974125617823034 0.7174713536850368 0.443002565300874 0.7319269690184457 0.5908587939376583
2 0.5797760169631004 0.6502822917735225 0.47476314837871336 0.632567357505638 0.4689689153267442 0.6669151583403747 0.5739817839111312 0.6846300926082594
2 0.20237670477813924 0.4796518421920804 0.07297750698071724 0.41377975994664323 0.04537978804896117 0.46799275229599824 0.17477898584638318 0.5338648345414354
2 0.38589183531040355 0.16522851909429925 0.05727554418248664 0.14877536475357842 0.05249016743178685 0.244352949871876 0.38110645855970376 0.26080610421259687