2 0.5789678423236515 0.5508169087136928 0.5526711618257262 0.4522043568464729 0.5028786307053942 0.4654823651452282 0.5291753112033195 0.564094917012448
2 0.49464041095890415 0.5568964041095891 0.48973458904109585 0.5102910958904111 0.4648458904109588 0.5129109589041098 0.46975171232876706 0.5595162671232877
2 0.19794592696629218 0.5895365168539327 0.07027738764044947 0.5097436797752809 0.052282303370786536 0.5385358146067416 0.17995084269662925 0.6183286516853933
2 0.42344987623762376 0.7698112623762376 0.40410396039603963 0.6912896039603962 0.11580693069306933 0.7623193069306932 0.13515284653465348 0.8408409653465347
2 0.341375 0.33493749999999994 0.26809926470588225 0.30408455882352947 0.24259926470588233 0.36464705882352955 0.3158750000000001 0.39549999999999996
2 0.21089965688912807 0.20835491792249727 0.11536178013993544 0.20168948466092576 0.1081791576964479 0.30464040635091505 0.20371703444564052 0.31130583961248653
2 0.4078125 0.3671875 0.346875 0.3671875 0.346875 0.4125 0.4078125 0.4125
2 0.4298018292682928 0.1833460365853661 0.32639100609756105 0.17185594512195124 0.3165205792682926 0.2606897865853658 0.4199314024390243 0.2721798780487807
2 0.04843750000000005 0.4 4.917722302826091e-17 0.4 5.4535052774530576e-17 0.4875 0.04843750000000006 0.4875
2 0.08488758484162896 0.31701428167420814 0.08330387443438914 0.2837563631221719 -0.0012514140271493322 0.28778280542986423 0.0003322963800905017 0.3210407239819005
2 0.30859913793103455 0.49225215517241383 0.3004633620689656 0.3946228448275863 0.2615409482758621 0.3978663793103449 0.26967672413793103 0.49549568965517243
2 0.5915223623853211 0.29930045871559635 0.5695384174311927 0.17289277522935778 0.4847391055045872 0.1876404816513761 0.5067230504587156 0.31404816513761463
0 0.9985892026024997 0.30676785257051314 0.7083133990312129 0.18260704153551754 0.5225572610217809 0.6168866808154903 0.8128330645930676 0.7410474918504859
2 0.7097553398710369 0.5341382321332616 0.7074229245029555 0.39186089468027946 0.6745936324556693 0.3923990797958087 0.6769260478237507 0.5346764172487909
2 0.521 0.6048125 0.4215257352941177 0.5945220588235295 0.41797426470588245 0.6288529411764707 0.5174485294117648 0.6391433823529412
2 0.1624878562176166 0.450983646373057 0.03996923575129535 0.4187419041450777 0.023676327720207283 0.48065495466321245 0.14619494818652853 0.5128966968911918
2 0.36523578519855593 0.14835288808664263 0.04938602124409887 0.14308872535406836 0.04781484309913916 0.23735941405165234 0.3636646070535962 0.2426235767842266