2 0.5837684483185831 0.5444974135387367 0.5690706791630056 0.49300365232643995 0.4684564791746445 0.521721777598068 0.48315424833022197 0.5732155388103648
2 0.5203586473402834 0.48057795195133735 0.5172580672236732 0.4548975006371566 0.47002124175732973 0.4606007322517761 0.4731218218739399 0.48628118356595684
2 0.49939962809681454 0.04874144746851873 0.46851027046230903 0.031199693505753606 0.3933175890867941 0.16360684226840694 0.42420694672129966 0.18114859623117208
2 0.32973563199391454 0.39514156121199906 0.24552423196831477 0.09738066441731516 0.16547312104250136 0.12002036021765265 0.24968452106810116 0.41778125701233654
2 0.724119617373331 0.25178433994824173 0.6621462233769889 0.2241692487614211 0.6289501842887358 0.29866732648336336 0.6909235782850779 0.32628241767018396
2 0.8187080408662785 0.08986447833092433 0.7123245177262082 0.08796051992896131 0.7105960669647936 0.18453756771731206 0.8169795901048639 0.18644152611927509
2 0.6617213906350882 0.3315135919491202 0.6167254221952504 0.3308469855348704 0.6157833257228041 0.3944385475650427 0.6607792941626419 0.3951051539792925
2 0.8618575948559312 0.3081461510065048 0.7734479813959829 0.29483601867578696 0.7574794773480276 0.4009032789655437 0.8458890908079758 0.41421341129626155
2 0.5984703263888889 6.854455943433689e-17 0.5201262361111111 6.37473674647973e-17 0.5201262361111111 0.02535429398148155 0.5984703263888889 0.025354293981481552
2 0.7314278912263392 0.05995810289043691 0.7305321792724845 -0.0005360490037576993 0.6943287662037038 0 0.6952244781575586 0.06049415189419461
2 0.6290426943524712 0.28407199222315466 0.6250856384548016 0.24392903369559538 0.5254039324233348 0.2537550678796673 0.5293609883210044 0.29389802640722656
2 0.8705287074353936 0.5578403595288561 0.853845182234472 0.4702376232064265 0.7255595584849467 0.49466901115832507 0.7422430836858682 0.5822717474807547
0 0.8737211749692149 0.6910348865945878 0.41333542026474845 0.5165598447950452 0.2991172247574279 0.8179463903849599 0.7595029794618943 0.9924214321845023
2 0.6534128482805959 0.6701410823915509 0.50774154907354 0.6676787433149101 0.5071723805901175 0.7013505934814529 0.6528436797971732 0.7038129325580937
2 0.4308520596061103 0.41114184960054406 0.3952713342410582 0.409308821145319 0.3900098092823042 0.5114397368030429 0.42559053464735624 0.5132727652582679
2 0.5914073857578219 0.015983949556768514 0.5263841558008875 0.002297508298976006 0.5000222632946637 0.12754083242139672 0.5650454932515983 0.14122727367918925
2 0.8895889159302202 0.34157854884526495 0.8674274584009746 0.018220871483775384 0.7718785702250314 0.024769355640873656 0.794040027754277 0.34812703300236325