2 0.48759135444913443 0.6843370027390756 0.47898719575771564 0.567956903549546 0.21859507603976255 0.5872080911293014 0.22719923473118134 0.703588190318831
2 0.7252009677494509 0.4514406752171534 0.6002958918734327 0.3357878232730652 0.5414746781258937 0.3993147319722795 0.666379754001912 0.5149675839163677
2 0.48046493529734735 0.45312489395096295 0.3901097188167271 0.4222086495914968 0.3656796161909426 0.49360759396944354 0.45603483267156275 0.5245238383289097
2 0.13447813362177777 0.6123958548607032 0.1326514179341672 0.540370997111346 0.027033707447831068 0.5430497046390483 0.028860423135441623 0.6150745623884056
2 0.7076761864163438 0.13514930344335205 0.6534583837318736 -0.021145338685806852 0.298113508418268 0.10212196000233134 0.35233131110273813 0.25841660213149026
2 0.808231594255075 0.24323150914945446 0.599431626853372 0.19673954444107777 0.5920254292627005 0.23000150325918212 0.8008253966644034 0.2764934679675588
2 0.7653939975276072 0.15168253966517128 0.7595317283054617 0.07558269584369584 0.6981035107925857 0.0803147521898531 0.7039657800147312 0.15641459601132854
0 0.5802218137312278 0.35030532032445244 0.39827958033375654 0.3497994583919019 0.3980342958129404 0.43802039510106155 0.5799765292104118 0.43852625703361214
0 0.28877995792129124 0.5994154872251882 0.0897880100571301 0.5927659940167721 0.08567925446907815 0.7157241281388418 0.28467120233323934 0.7223736213472579
0 0.8364567128570918 0.37616061411596063 0.7922984892267808 0.2683661690540109 0.6350279073439552 0.332792397337479 0.679186130974266 0.44058684239942875
2 0.5813576215281064 0.20365793954272626 0.5293347238288305 0.16170398882500933 0.45597658194693985 0.2526680826765798 0.5079994796462157 0.29462203339429677