2 0.7234597081812123 0.7389791388955578 0.6304271440991583 0.5375439011317198 0.5440994296308638 0.5774142272846083 0.6371319937129177 0.7788494650484462
2 0.49434765625856986 0.31841979943706716 0.3978361069540815 0.2972383189300981 0.3601272448906254 0.4690554258153316 0.4566387941951138 0.4902369063223007
0 0.4006339764411147 0.17079200446147083 0.31627105990186427 0.14377828816072238 0.26943986221057414 0.29003052455346146 0.35380277874982446 0.31704424085420985
0 0.438869928835344 0.4427128686194564 0.3159625850330141 0.4418024418030928 0.31446846041349513 0.6435088118200076 0.437375804215825 0.6444192386363712
0 0.4077287592105845 0.2679561424276027 0.318962347274239 0.26729861355063805 0.31761148572386116 0.44966495068151296 0.40637789766020666 0.45032247955847754
0 0.7409217159608479 0.9616395553489114 0.7196192560322131 0.7647940657271408 0.5819664371432636 0.7796907426288053 0.6032688970718983 0.976536232250576
0 0.10481563950848248 0.6452337016409369 0.09712996100056245 0.5481825349512722 0.005783272208580165 0.5554164642976668 0.013468950716500203 0.6524676309873315
0 0.6034746689696268 0.553070003459485 0.5961063671795175 0.44215766237336457 0.45902475073495347 0.45126448231737126 0.4663930525250628 0.5621768234034917
0 0.2327293731722773 0.15685974613828235 0.06063628477332482 0.14839615514244842 0.047738702543191784 0.4106471027550643 0.21983179094214428 0.41911069375089816
2 0.527637245345447 0.5663396658115821 0.4394691908802227 0.5599770189146978 0.43210716938790494 0.6619935416651054 0.5202752238531292 0.6683561885619898
2 0.6346375934772133 0.9923583889483469 0.6318356215470423 0.9383203324380038 0.5577752704454886 0.9421604969133016 0.5605772423756594 0.9961985534236448
0 0.4652866341620353 0.8425375324659834 0.4351648472760428 0.6644214264444279 0.340843235220737 0.6803724572665891 0.3709650221067295 0.8584885632881446