2 0.5027009192262257 0.3257341811872416 0.4237429858239812 0.29845780419373896 0.36654238038984055 0.46403850413467224 0.4455003137920851 0.49131488112817495
2 0.7289983404854499 0.7088216189486389 0.6260619216843234 0.5180126475124044 0.5439385811988735 0.5623160285637656 0.646875 0.753125
2 0.27696627789046663 0.6087943711967547 0.0880159736308318 0.3321171399594321 -0.05060851926977675 0.4267875253549696 0.13834178498985808 0.7034647565922922
2 0.5006539948453609 0.5390753865979383 0.45066849226804134 0.5342380798969073 0.4411340206185568 0.6327609536082475 0.4911195231958764 0.6375982603092785
2 0.2570404411764706 0.24777573529411775 0.2121323529411766 0.20928308823529415 0.19371323529411769 0.23077205882352947 0.2386213235294117 0.2692647058823531
2 0.6125212104072401 0.8854920814479639 0.5562500000000001 0.8828125 0.5543516685520363 0.9226774604072399 0.6106228789592761 0.9253570418552037
2 0.2494259185303514 0.43252296325878586 0.24604882188498398 0.3480955471246006 0.22327276357827475 0.349006589456869 0.22664986022364214 0.4334340055910542
2 0.32092395179691957 0.523465131203651 0.20221317027952088 0.42330290929834574 0.16495917712492872 0.46745579007415855 0.2836699586423274 0.5676180119794638
2 0.5500000000000002 0.5375000000000001 0.5046875000000002 0.5375000000000001 0.5046875000000002 0.6484375 0.5500000000000002 0.6484375
0 0.3953125 0.16093750000000007 0.27499999999999997 0.16093750000000007 0.275 0.3890625 0.3953125 0.3890625
0 0.44375000000000003 0.4578125 0.340625 0.4578125 0.34062500000000007 0.6078125 0.4437500000000001 0.6078125
0 0.7257077205882355 0.7392371323529415 0.6125551470588236 0.7305330882352943 0.5979963235294117 0.9197977941176471 0.7111488970588236 0.9285018382352943
2 0.06480207895842084 0.4150934481310374 0.06319495485090298 0.30420188471230575 0.026517875892482154 0.3047334365812684 0.028125 0.415625