2 0.4449874999999999 0.5471000000000001 0.33264999999999995 0.5266750000000001 0.2885250000000002 0.7693625000000003 0.4008625000000002 0.7897875000000001
2 0.6122761766712143 0.46963463506139164 0.6015156036834926 0.3243668997271488 0.5151837482946794 0.330761851978172 0.525944321282401 0.4760295873124148
2 0.555338184931507 0.6327440068493151 0.5466481164383561 0.5501883561643834 0.4735273972602739 0.5578852739726028 0.4822174657534248 0.6404409246575342
2 0.4511875000000001 0.8676875000000001 0.3864250000000001 0.8559125000000001 0.3681500000000001 0.9564250000000002 0.43291250000000014 0.9682000000000002
2 1.0933422839112696 0.4427086786078533 0.967784373406425 0.3221233586180522 0.7049266158847526 0.5958206112952574 0.8304845263895971 0.7164059312850585
2 0.7839109378372545 0.42345065292467093 0.749219593136197 0.22975731167709906 0.7175625269803585 0.23542723397366713 0.752253871681416 0.42912057522123903
2 0.9006047331821242 0.269972322825017 0.8318206176316644 0.26618919646974165 0.8286543752025125 0.3237572406361383 0.8974384907529723 0.32754036699141365
0 0.6395932625649914 0.4450741984402081 0.5575741984402081 0.4416567374350087 0.5504278596187175 0.6131688691507798 0.6324469237435009 0.6165863301559793
0 0.3967034978308026 0.726982104121475 0.2814540401301519 0.7245810737527115 0.2776660791757051 0.9064031995661606 0.3929155368763558 0.908804229934924
0 0.7233960875052587 0.24210073096339932 0.6232222207614639 0.20665459350021045 0.5695805505889777 0.35825061790071533 0.6697544173327725 0.3936967553639041
2 0.8122191011235955 0.4685744382022473 0.7625000000000001 0.43750000000000006 0.7000877808988764 0.5373595505617978 0.7498068820224718 0.568433988764045