2 0.6600639638539252 0.706335858398011 0.5795310196058024 0.5146646295537632 0.4864020401769172 0.5537938768250137 0.5669349844250399 0.7454651056692614
2 0.47113366860720207 0.3417860422930775 0.4015812035562234 0.28645225919163764 0.28103635923230713 0.43797255297933446 0.3505888242832858 0.49330633608077434
0 0.35477579807360127 0.16957865498221295 0.27639229868503296 0.15117557237606755 0.24021021836920328 0.3052844317997548 0.3185937177577716 0.3236875144059002
0 0.3915506868720453 0.4516928337302281 0.27078207835387036 0.4427470107162711 0.2565672962526628 0.6346465656340862 0.3773359047708378 0.6435923886480432
0 0.37238178092268404 0.27787422687940216 0.2851600079092861 0.27141335485948487 0.27167351491476976 0.4534810118395626 0.3588952879281677 0.4599418838594799
0 0.6599629539578614 0.9329604269118205 0.6513199208126461 0.7297610209505647 0.5120760983757457 0.7356837202168118 0.520719131520961 0.9388831261780676
0 0.045448837962963035 0.5933673310185185 7.266654026504366e-17 0.5933673310185185 7.830961094509778e-17 0.6855256689814815 0.04544883796296304 0.6855256689814815
0 0.5555309276365413 0.5312801170146527 0.5412506418057224 0.4234054160501777 0.4023459981560861 0.4417933976326071 0.4166262839869051 0.5496680985970822
0 0.2040009847713066 0.19607901494183994 0.0366416107615271 0.176762366755853 0.0061864004863050655 0.4406262047220539 0.17354577449608458 0.4599428529080408
2 0.4732815738462719 0.5553736687703609 0.39402869156123294 0.5337045538062312 0.36367435414583216 0.6447228733825203 0.4429272364308711 0.66639198834665
2 0.5513496550925926 0.9583050856481482 0.5483273052732835 0.9129698501520688 0.4775183463055067 0.9176904486446086 0.48054069612481576 0.963025684140688
0 0.39305549898530795 0.836972733501502 0.37581472926213955 0.6731770105792722 0.27899144969441025 0.6833684114112815 0.29623221941757866 0.8471641343335113