2 0.4561353211009171 0.5647219036697245 0.3759102637614675 0.5215237958715597 0.281486525229358 0.6968821674311931 0.3617115825688076 0.7400802752293579
2 0.659375 0.4203125000000001 0.54296875 0.30390625000000004 0.47968749999999993 0.3671875000000001 0.59609375 0.4835937500000002
0 0.6979336533403472 0.3198489281956864 0.6766919548921619 0.17587741649132024 0.6015600341925301 0.1869624539715939 0.6228017326407155 0.33093396567596006
0 0.659375 0.4453125000000001 0.546875 0.4453125000000001 0.5468750000000001 0.628125 0.659375 0.628125
0 0.6578125 0.28593750000000007 0.5765625 0.28593750000000007 0.5765625 0.4531250000000001 0.6578125 0.4531250000000001
0 0.4140739051094892 0.7394844890510949 0.28757299270073 0.7248882299270073 0.2666332116788322 0.9063663321167884 0.39313412408759135 0.920962591240876
0 0.940625 0.5609375000000001 0.85625 0.5609375000000001 0.85625 0.65 0.940625 0.65
0 0.5306712545126354 0.44871277075812277 0.40494472021660655 0.43512071299639 0.3940873194945849 0.5355516696750903 0.5198138537906138 0.5491437274368232
0 0.9147521279949559 0.42414486128625484 0.8892280107187894 0.18591976670870114 0.7314411254728879 0.20282550441361916 0.7569652427490543 0.4410505989911729
2 0.5508904109589041 0.642791095890411 0.5474165239726028 0.5489961472602739 0.465179794520548 0.5520419520547946 0.4686536815068494 0.6458369006849316
2 0.434995777027027 0.8945059121621624 0.37192989864864884 0.8845481418918918 0.36406250000000007 0.934375 0.4271283783783783 0.9443327702702704
0 0.6408797888015718 0.6657539292730845 0.5555163310412573 0.6463531434184676 0.5190938113948919 0.8066122298624753 0.6044572691552064 0.8260130157170922