2 0.4559248486296272 0.5180314332303196 0.2843233227666471 0.47110186332965226 0.2604288546802035 0.558473795184065 0.43203038054318355 0.6054033650847324
2 0.7514796102862026 0.31332100742154984 0.7169987798356117 0.21843324238165773 0.49130711559134305 0.30044630281833923 0.5257879460419339 0.39533406785823144
2 0.6798887209573335 0.8216160544209752 0.570718247005296 0.6892503978217795 0.28787216936498666 0.9225317575400908 0.39704264331702427 1.0548974141392864
2 0.6125422054384272 0.4595447662018843 0.510442438433551 0.4572220951529583 0.5092302852335878 0.5105058175068747 0.611330052238464 0.5128284885558008
2 0.2199196016961166 0.7537909039485486 0.19801195826746648 0.7372195183235435 0.15847986210661447 0.7894815974445696 0.1803875055352646 0.8060529830695747
2 0.9294697016485644 0.31455629303308086 0.8930622637862249 0.3054102491825364 0.876420974537037 0.3716538310185186 0.9128284123993765 0.38079987486906314
2 0.3958350111028795 0.7538527265757325 0.3927423839291652 0.7305515471678764 0.3035613309950565 0.7423880187411341 0.3066539581687707 0.7656891981489904
2 0.53568119463405 0.6825183983033691 0.4859440978899179 0.6471462664317039 0.38689326930535584 0.7864225945244191 0.4366303660494879 0.8217947263960843
2 0.6315167588245326 0.4439392211120538 0.626940374062408 0.3959212283855708 0.5115511550925925 0.4069184699074075 0.5161275398547172 0.45493646263389054
0 0.36010524450203973 0.7047125564856911 0.34938294991160945 0.579971033784127 0.10019738311699908 0.6013900528644646 0.11091967770742939 0.7261315755660286
0 0.589919997544106 0.6205402179504089 0.5821245583023288 0.5122036040954474 0.41610887109435307 0.5241493826901547 0.4239043103361303 0.6324859965451162
0 0.9237884076556229 0.2047509948896956 0.7224933898807785 0.20372108521356289 0.7218783387950073 0.3239323252008089 0.9231733565698517 0.32496223487694165
2 0.37062706250000005 0.9659577060185186 0.365559899153622 0.9258973017793692 0.24940423527010094 0.9405896079026705 0.25447139861647894 0.9806500121418199