2 0.462737828599019 0.3052444443311786 0.20898706492714186 0.28076604669079974 0.19803085252214375 0.39434158809525466 0.4517816161940209 0.41881998573563356
2 0.689613451526029 0.5380408799041525 0.6334863232350271 0.47474570748050277 0.5090992374877371 0.5850462193861061 0.565226365778739 0.6483413918097559
2 0.45078088995474774 0.5310898873373767 0.4284248148622633 0.46078389044177165 0.3395487078393621 0.4890449351643432 0.3619047829318465 0.5593509320599482
2 0.11649019398946557 0.3678929161848 0.013454148462466672 0.36297881015016054 0.010098151057502381 0.4333453628799815 0.11313419658450129 0.438259468914621
2 0.6775060153037364 0.8623197738401627 0.32661829476961635 0.7152587660925709 0.26258768847324826 0.8680358606594223 0.6134754090073683 1.015096868407014
2 0.7661161358337687 0.7434025925178518 0.7595903984879554 0.7107309031377349 0.5547740076457819 0.7516402652219275 0.5612997449915951 0.7843119546020444
2 0.7222977165150715 0.8319640192177565 0.6624399660074921 0.8260187613247252 0.6550647488284136 0.900273556959739 0.714922499335993 0.9062188148527703
0 0.5471000537226132 0.630091861823464 0.5454104703571636 0.54335970442021 0.36912177540134 0.5467938914095789 0.3708113587667895 0.6335260488128329
0 0.266813450086726 0.3839452260305795 0.26547525244772213 0.2636558374097736 0.07109789233762402 0.2658182502988699 0.0724360899766279 0.38610763891967576
0 0.7966241010073326 0.6141137531266994 0.6444898334668873 0.5477059277531774 0.5989339541012233 0.6520702899420279 0.7510682216416685 0.7184781153155498
2 0.5438094288072276 0.7771817629718972 0.4742148218267089 0.686708784302298 0.42246693714903794 0.7265148540169657 0.4920615441295567 0.8169878326865649