2 0.6530120606202411 0.4343556666288848 0.5800299435431902 0.26631284263055643 0.5018918181538063 0.30024875063104345 0.5748739352308575 0.4682915746293719
2 0.45983834226763287 0.5290757761838449 0.3603350125484256 0.5061485957201202 0.30965275474342596 0.7261081942090764 0.40915608446263324 0.7490353746728012
2 1.089075432582099 0.39842936169033116 0.9425707081942222 0.2973679482457616 0.7504867013726392 0.5758245175688307 0.8969914257605162 0.6768859310134002
2 0.6056171861790095 0.595209757768661 0.5504427387499328 0.5058848661896943 0.5082790142677085 0.5319286727786109 0.5634534616967852 0.6212535643575777
2 0.8154182239320714 0.1924498850660527 0.7970090006339916 0.17070035292363192 0.7510234227867225 0.20962343253463944 0.7694326460848024 0.23137296467706023
2 0.49147227285445216 0.9095738553221057 0.48175538888888886 0.8731332615740741 0.4216458496211737 0.889161469630355 0.431362733586737 0.9256020633783867
2 0.7926943642513142 0.40052928172397756 0.7926565369723586 0.31356952867827925 0.769486202281611 0.31357960771695104 0.7695240295605665 0.40053936076264934
2 0.8591897201324638 0.43422654170445035 0.8183813950843691 0.3895623199014619 0.7020774162887361 0.4958256864057305 0.7428857413368306 0.5404899082087189
2 0.5203722992048767 0.6301414762346836 0.5160318280419485 0.51579443045212 0.4687388356481481 0.517589613425926 0.47307930681107635 0.6319366592084896
0 0.7393993701414877 0.3546903062194605 0.7282910853735876 0.12003029345021143 0.6057286977370784 0.12583212516254025 0.6168369825049785 0.36049213793178936
0 0.6829860563834538 0.58479367329003 0.6802554819630843 0.4293901442002152 0.5753967274541749 0.43123260321315277 0.5781273018745444 0.5866361323029675
0 0.44197438805138184 0.9094225858570388 0.4131684592582528 0.7160150477784151 0.29812748322988347 0.7331491377765935 0.32693341202301246 0.9265566758552173
2 1.0017561280296199 0.26282648998052294 0.9593944544845795 0.2609309204427352 0.9543157107142191 0.37442930777702726 0.9966773842592594 0.376324877314815