2 0.20325769254077983 0.5152907133012072 0.1882150916685346 0.4047800063314811 0.13736941325606403 0.4117010664478267 0.15241201412830924 0.5222117734175529
2 0.4953127824913108 0.9585898711995674 0.48396321314770774 0.7501003523835088 0.45265409076324803 0.7518047308942736 0.4640036601068511 0.9602942497103322
2 0.7149336542671032 0.9592091246503779 0.705499816953823 0.8477008726339014 0.6733155364212001 0.8504237318044036 0.6827493737344803 0.9619319838208802
2 0.7510553041698143 0.6641537521289188 0.7220056637865584 0.5231850192017307 0.673541557053786 0.5331720911066044 0.7025911974370418 0.6741408240337925
2 0.9564416612852524 0.6774259943936832 0.9239890700363466 0.5845658322472035 0.867107350612531 0.6044447463835387 0.8995599418614368 0.6973049085300184
2 0.2962306330306586 0.27277517275805757 0.2712898774676148 0.2725801538196412 0.2699035883969752 0.4498711242828516 0.2948443439600191 0.450066143221268
2 0.1509887466203255 0.40948140780014225 0.12731959566212644 0.05444412684394376 0.004176910336454406 0.06265363881553562 0.02784606129465346 0.41769091977173406
2 0.27393330258977006 0.3498975597494039 0.27150088564309677 0.30298664930748176 0.20682870370370368 0.3063400208333334 0.20926112065037697 0.35325093127525553
2 0.21295108741319838 0.7330146214217504 0.20778548996505322 0.602518063144307 0.17905535080963086 0.6036553217468716 0.184220948257776 0.7341518800243151
2 0.6237183164843495 0.39260602272820394 0.6159414945919373 0.275953694342019 0.5725813941125861 0.278844367707309 0.5803582160049983 0.39549669609349397
2 0.5156054755388814 0.4978222335207078 0.4986661724111119 0.40858260846527067 0.4370443760342781 0.42027954564375425 0.45398367916204757 0.5095191706991914
2 0.5654853599229761 0.30306229236315957 0.5592456025176171 0.20946593128277616 0.524557522072681 0.21177846997910524 0.5307972794780399 0.3053748310594886
2 1 0.32183641898148163 0.9706018518518519 0.32183641898148163 0.9706018518518519 0.5194818564814816 1 0.5194818564814816
2 0.9049189896701563 0.17098621758987023 0.8780277286177971 0.04612414684127737 0.7980911033665629 0.06333991656532513 0.824982364418922 0.188201987313918
2 0.1817917332507406 0.9524467051225907 0.15024772368719383 0.7760339072459024 0.09421632766959086 0.7860527659291233 0.12576033723313762 0.9624655638058116
2 0.6951041400654376 0.8517355739180167 0.6691169718402307 0.6997925836631741 0.5849694334271552 0.714184535755271 0.6109566016523622 0.8661275260101136
2 0.14764571193591766 0.538975432413592 0.10956457163365743 0.38978693439651646 0.040967811402390746 0.40729661433409703 0.07904895170465097 0.5564851123511726
2 0.9472838308255535 0.6610172444962198 0.9289320703537145 0.508508829668223 0.9058112311460491 0.5112910243656468 0.9241629916178881 0.6637994391936437
2 0.18221781648321944 0.26928966577425834 0.17699262304214855 0.16851807798217666 0.05255694940747633 0.17497029809656706 0.05778214284854721 0.27574188588864873
0 0.6350110272245441 0.5229226190540157 0.541286199578641 0.5224779572512114 0.5401491461022536 0.7621435647454133 0.6338739737481568 0.7625882265482177
2 0.5984304007201872 0.6109231379139756 0.5568894663534998 0.5515602216509857 0.49845705592976586 0.5924500073809535 0.5399979902964532 0.6518129236439433