2 0.3996147938888207 0.16390292559438688 0.3988443114097369 0.13735411844423243 0.22742683772679032 0.14232888658859846 0.22819732020587402 0.16887769373875294
2 0.6727109709815425 0.13875014020341128 0.6650933154849059 0.010202199597771614 0.45748699568233536 0.022504795934434906 0.465104651178972 0.1510527365400746
2 0.4047642568172378 0.6566543630200272 0.4016153750956252 0.6260946133459565 0.25706696690267916 0.640988905521169 0.26021584862429176 0.6715486551952397
2 0.39086291018367947 0.846043318557366 0.3865628545268893 0.7979236433816425 0.21757980773181435 0.8130242545894127 0.22187986338860452 0.8611439297651363
2 0.09562181911419894 0.6719186910668776 0.0943767685185185 0.6013658171296294 0.001272127539121872 0.6030088400462454 0.002517178134802308 0.6735617139834936
2 0.21682493305029904 0.4320335086410563 0.21330908957606182 0.3727036939355621 0.059393250871874775 0.38182463927773175 0.06290909434611203 0.44115445398322595
2 0.693033838182807 0.22927254680459802 0.5340657056066471 0.2065628143824903 0.5300233773148147 0.234859113425926 0.6889915098909746 0.2575688458480337
2 0.5192051573968396 0.4372684161842891 0.5169589248085978 0.39936325423541735 0.4548350052651887 0.40304467295025986 0.4570812378534304 0.4409498348991316
2 0.6612824788357279 0.5324895130255892 0.640301840629805 0.48330659926008246 0.514575572995844 0.5369393983818609 0.5355562112017669 0.5861223121473677
2 0.8246704712063624 0.056652323700530464 0.708636902650733 0.04622378099977455 0.7014587807087671 0.126091421987944 0.8174923492643964 0.13651996468869992
2 0.24147537017891385 0.17969401326281265 0.21154101105622802 0.07346397600271762 0.014787644893652342 0.12890673092604926 0.044722004016338156 0.23513676818614432
2 0.8597971208320778 0.7867940762414074 0.8386418729531295 0.7009105727984613 0.7060887321390892 0.7335617157844602 0.7272439800180374 0.8194452192274063
2 0.7258013291257709 0.47794849684207236 0.7249223694578255 0.4631160414152423 0.6520533762731652 0.46743420076310344 0.6529323359411104 0.4822666561899335
2 0.9807843310413028 0.2610161718488357 0.978575150462963 0.22997622222222222 0.7175464490740739 0.24855420138888887 0.7197556296524139 0.27959415101550233
2 0.5493984774979587 0.9316305587191791 0.5466639336369746 0.8854851416517883 0.39285263693107286 0.8945998872513973 0.39558718079205696 0.940745304318788
2 0.8439247286794248 0.8877691961565867 0.6620614875589792 0.88768960533694 0.6620485862057535 0.9171689086392555 0.8439118273261991 0.9172484994589022
0 0.42031600072511616 0.39649760893487346 0.1821877986105788 0.3942817819431845 0.18069646164658 0.5545512394937971 0.41882466376111743 0.5567670664854861
2 0.23462997185680445 0.7068113280450224 0.05403839931624515 0.6803480187330754 0.04479096008006125 0.7434546232000296 0.22538253262062055 0.7699179325119767
2 0.8184214567582602 0.6783709706298988 0.8138551451930357 0.6399222791648553 0.669396353785443 0.6570787498994334 0.6739626653506676 0.6955274413644769
2 0.8386407219679197 0.5243213256029992 0.8384453727259634 0.49496133652197727 0.7576920012078943 0.49549863610570416 0.7578873504498504 0.5248586251867261