2 0.20850650404491292 0.48573236540895864 0.10763161037530668 0.21909136521460992 -0.018302202841737808 0.26673430087873534 0.08257269082786843 0.5333753010730841
2 0.18843155582436927 0.7101236216790278 0.18753396998162242 0.588949439643346 0.1471634177819886 0.5892484805405859 0.14806100362473545 0.7104226625762677
2 0.44241820761763934 0.7543162857069561 0.39949440374204986 0.7529234307871776 0.39212089046888005 0.9801540153350227 0.4350446943444695 0.9815468702548011
2 0.6370061731562262 0.8663405084059137 0.5929630929690746 0.8627379760034097 0.5824080574972763 0.9917795006096882 0.6264511376844281 0.9953820330121922
2 0.6833431061767845 0.5761349520999697 0.6264062453754442 0.5651507948804282 0.6021960595259546 0.6906453552855373 0.6591329203272949 0.7016295125050788
2 0.8477448972227715 0.7297428850081968 0.8288044045956212 0.5941318961497222 0.7857550485862927 0.6001445063147375 0.804695541213443 0.7357554951732121
2 0.3174507044316042 0.311568504256712 0.28517342824074077 0.3021987083333335 0.24625669987817178 0.43625989814743504 0.27853397606903524 0.44562969407081365
2 0.5822932907373343 0.44303513594253274 0.5744801504938131 0.3428157692549203 0.5459716494721378 0.34503830292258164 0.553784789715659 0.44525766961019414
2 0.8644609375037983 0.25634827199917865 0.8138428912427514 0.1428899954988049 0.7436412795895612 0.17420960069525382 0.7942593258506081 0.2876678771956276
2 0.5753818038714614 0.13904763950498678 0.5515644400536757 0.13887121409098918 0.5508717735952506 0.23238092264642987 0.5746891374130363 0.23255734806042747
2 0.4733062143821979 0.5147917323210569 0.4670597746980928 0.45659602687842143 0.4245064318485263 0.46116349259509487 0.4307528715326314 0.5193591980377303
2 0.5359351723894197 0.32330959431241085 0.5262044862344546 0.26168193678184076 0.49036420427554467 0.26734093063982756 0.5000948904305097 0.32896858817039765
2 0.31438043281031974 0.29773165064370416 0.3130554135933674 0.16689433555094982 0.2795481903403588 0.16723367081387136 0.28087320955731115 0.2980709859066257
2 0.1906290416666667 0.12400940740740742 1.5462031313003344e-17 0.1240094074074074 2.3575946256703563e-17 0.25651969444444445 0.1906290416666667 0.25651969444444445
2 0.6334264612999169 0.776705914004364 0.5337671532608641 0.7615612502323236 0.5232164319415596 0.830990166041995 0.6228757399806123 0.8461348298140355
0 0.5894169281940845 0.572501420637749 0.4877301851018268 0.5522825824306851 0.44585992752138287 0.7628609590013904 0.5475466706136406 0.7830797972084544
2 0.9665278823520679 0.4504214573867959 0.9082154494272123 0.44188536849078575 0.8862976984078242 0.5916117129269511 0.9446101313326798 0.6001478018229613
2 0.14491096588276217 0.9094853750897127 0.13600396727104264 0.7472882433855381 0.07534870108615194 0.7506191060587921 0.08425569969787147 0.9128162377629666