2 0.3647474965242726 0.83092477746049 0.3639592118862425 0.8041800315726246 0.19288888888888892 0.8092222222222222 0.193677173526919 0.8359669681100876
2 0.626518517826384 0.8299012344725476 0.42818518374748976 0.8181481493018665 0.42048148094240595 0.9481481484422333 0.6188148150213002 0.9599012336129144
2 0.43698729452790486 0.3109093876690416 0.29372083976899405 0.2960601241683805 0.2904991160444543 0.32714347966321344 0.43376557080336503 0.34199274316387446
2 0.44814666349962556 0.1208884706722934 0.2786076217309935 0.10567684966567983 0.27422399958819077 0.1545339108061994 0.4437630413568229 0.16974553181281302
2 0.1183439680271055 0.29557620377269817 0.02737467101485707 0.29397975985954533 0.02612946919145533 0.36493441951277306 0.11709876620370376 0.3665308634259259
2 0.21515220990550257 0.5447955777391272 0.06420145282298473 0.5216876460465462 0.055379764975675455 0.5793146321832808 0.2063305220581933 0.6024225638758618
2 0.6734819565398044 0.7397307708573693 0.6696025648078184 0.7118399831578047 0.5084197523148148 0.7342592592592594 0.5122991440468008 0.7621500469588239
2 0.5204691353579673 0.530925924896006 0.45880246866714347 0.5272716048913816 0.4565308642814431 0.5656049392269425 0.518197530972267 0.5692592592315671
2 0.6793421510265993 0.43482411703207613 0.5583271863336671 0.3805302358141607 0.5352346589214502 0.43200088640632867 0.6562496236143824 0.48629476762424406
2 0.7833392316215011 0.8347899775135368 0.6662515738338702 0.8346328480220258 0.6661440774177196 0.9147355930037788 0.7832317352053506 0.9148927224952899
2 0.2020408439542489 0.7875289224722783 0.014069998234226812 0.7329339786020591 -0.017943898921735254 0.8431580927160874 0.17002694679828684 0.8977530365863067
2 0.8987270712012148 0.1587671834340486 0.7726911105279514 0.154805905345423 0.7697172392612891 0.2494255492145692 0.8957531999345525 0.25338682730319484
2 0.7386296304432228 0.4903333346279851 0.6652962965999151 0.48598765297383273 0.6644074071787074 0.500987652942288 0.7377407410220151 0.5053333345964403
2 0.961956537949466 0.7076194167795706 0.7021410564679845 0.6890982385388299 0.6999012337962962 0.7205185185185187 0.9597167152777778 0.7390396967592594
2 0.6166666669362627 0.03654320943332031 0.4650000001620744 0.027555554249667692 0.46233333321289255 0.07255555472976435 0.6139999999870809 0.08154320991341697
2 0.9166654557247645 0.052943273690604496 0.7329931623872363 0.04528926801970078 0.7317969572697831 0.07399446457579012 0.9154692506073112 0.08164847024669382
0 0.44667772892524754 0.5394159738524276 0.4158616366220311 0.3849868550048084 0.17624194887949135 0.4328025938385462 0.20705804118270785 0.5872317126861654
2 0.27567795743627194 0.2596117299839256 0.26648113114667005 0.19758410079397726 0.0812219568611634 0.22505244783076803 0.09041878315076524 0.2870800770207164
2 0.8582193759004071 0.28904991974156224 0.7138811117518791 0.2723069378469219 0.7093524011756414 0.31134814493408197 0.8536906653241694 0.32809112682872227
2 0.8707036597222222 0.9634567893518518 0.532530863425926 0.9634567893518518 0.532530863425926 1 0.8707036597222222 1
2 0.8578431214251838 0.4438217696734042 0.7757092952215895 0.44327910945388743 0.7755144941250164 0.47276304587447987 0.8576483203286107 0.47330570609399664