2 0.5223267603929957 0.7137455751787696 0.4524144922368054 0.708074714588493 0.43458012268518514 0.9279427939814815 0.5044923908413755 0.9336136545717579
2 0.2920924390955709 0.5388833878484497 0.25215937631545654 0.5314939733024749 0.22562935381013632 0.6748646081032939 0.26556241659025076 0.6822540226492685
2 0.8540321843742044 0.38566466585197673 0.7678001906043037 0.3588168888289199 0.7381004149952268 0.4542091763576014 0.8243324087651275 0.4810569533806582
2 0.7821883813312376 0.5412545936315077 0.7300013462107529 0.5368357578511167 0.7216748072787014 0.6351732841306295 0.7738618423991861 0.6395921199110205
2 0.8336878383412185 0.8646102278540222 0.828227447762274 0.7006495549897281 0.7584175625093228 0.7029744371281902 0.7638779530882673 0.8669351099924844
2 0.6164323297394049 0.5017512972225634 0.6162982993368736 0.41665299140746126 0.45937733534316955 0.41690014297843797 0.4595113657457007 0.50199844879354
2 0.7010603599908377 0.25141082049404506 0.654148722191734 0.24906320231614812 0.6448711303206798 0.434454094924032 0.6917827681197835 0.43680171310192895
2 0.9827953103232333 0.13396124378055432 0.7764694301303492 0.12051525080385438 0.769304293734165 0.2304627330170721 0.9756301739270491 0.24390872599377203
2 0.4064583065675518 0.2971381732080544 0.36331883518214314 0.284223380687355 0.32993082220992803 0.3957498514318128 0.37307029359533667 0.4086646439525122
2 0.45297148931988584 0.2039759848529173 0.4106277661192038 0.20021209919778624 0.40222381167655963 0.29475660806865284 0.4445675348772417 0.2985204937237839
2 0.08487247013152842 0.559443334072482 0.05718618966455978 0.556982331949955 0.043458587826873674 0.7114178893751429 0.07114486829384233 0.71387889149767
2 0.17885780531876663 0.142898963279133 0.11769633223213204 0.1244743534954045 0.08785162656974056 0.22354544284682842 0.14901309965637516 0.24197005263055693
2 0.3292427388528011 0.8205497683589367 0.2862607729708908 0.814485853956849 0.2728122530426858 0.9098110492658867 0.3157942189245961 0.9158749636679744
2 0.4314536425890936 0.6413273426780158 0.42755768252137544 0.5444724330029 0.3944788616146578 0.5458030187808648 0.39837482168237587 0.6426579284559807
0 0.4629796834061484 0.7378862572517539 0.4328078148039079 0.5227923936050908 0.3215504756155083 0.538398798000437 0.35172234421774884 0.7534926616471003
2 0.3105228963011533 0.7354617111204576 0.1916347443128694 0.7248938741142003 0.17863170486057153 0.871178050317816 0.29751985684885546 0.8817458873240733
2 0.2050629406947269 0.8890731038757148 0.1268983298328112 0.8544862553949087 0.10774978027386754 0.8977610546491844 0.1859143911357832 0.9323479031299905
2 0.026182618055555603 0.3969930324074074 4.88047526574444e-17 0.3969930324074074 5.426170735671505e-17 0.4861118657407407 0.02618261805555561 0.4861118657407407