2 0.43607778295252725 0.6466363286789184 0.27943966133527964 0.6431554800115232 0.2779990676523747 0.707982167427604 0.4346371892696223 0.7114630160949992
2 0.2166804500901881 0.45877721873721694 0.2165700715404156 0.3792195896737131 0.06111727324237629 0.37943526546290146 0.06122765179214884 0.45899289452640524
2 0.25148696973389617 0.5433395318778123 0.179518133568484 0.5214942420574571 0.13330863650077862 0.6737304335248281 0.2052774726661908 0.6955757233451832
2 0.6763205421407091 0.255914052052988 0.5121104787586438 0.25020861709513836 0.5101917427031012 0.305432411884109 0.6744018060851665 0.31113784684195867
2 0.7317496279324996 0.15167993720113038 0.687626692752273 0.0055923363601051435 0.45216983481175427 0.07670752766203394 0.4962927699919809 0.22279512850305916
2 0.4049036934576096 0.13575831435389296 0.2574758223614226 0.13552458811818263 0.25738418639532457 0.19332595284993934 0.4048120574915116 0.19355967908564967
2 0.7399927967874254 0.566660136657458 0.7391358579478555 0.5224936849709079 0.660530870560959 0.5240188169229557 0.6613878094005289 0.5681852686095058
2 0.8569153546874492 0.8772082105911089 0.8547956989772657 0.8134353927419722 0.6951611316727332 0.8187412633862675 0.6972807873829168 0.8825140812354042
2 0.41742562171676645 0.8257992717314656 0.24613357456271073 0.8245696375029653 0.24575294265342856 0.8775929003903528 0.4170449898074843 0.8788225346188531
2 0.8591158057695161 0.5732578143751225 0.7993426666509675 0.5664635732820147 0.7948595668999698 0.6059041732587441 0.8546327060185184 0.6126984143518519
2 0.778818311010931 0.4312365279122394 0.7760293532353175 0.37744952792722064 0.6826752186775106 0.3822901165366093 0.6854641764531242 0.43607711652162806
2 0.545358368310966 0.37421105789553016 0.47855475850975404 0.365722749307663 0.46446341875382974 0.47662262445789105 0.5312670285550416 0.4851109330457582
2 0.40895351330145013 0.4906599186834719 0.33250845161486137 0.48543378841271256 0.3294052982815404 0.5308250694750949 0.4058503599681292 0.5360511997458542
2 0.6466346082497095 0.5815525664347876 0.6195508075199905 0.5575523808293767 0.5904929020290465 0.5903437323163547 0.6175767027587654 0.6143439179217656
2 0.8933334397124663 0.03626893761307888 0.7390394421257506 0.01828827974778478 0.706555802978729 0.29703395066299704 0.8608498005654447 0.31501460852829116
2 0.10942549453522503 0.6111056430657352 0.007949005970453891 0.6088506121413276 0.007357993973038852 0.6354461774385455 0.10883448253781 0.6377012083629531
2 0.5560671249581889 0.9988285054536128 0.5544973541666667 0.948615724537037 0.4561059184802083 0.9516916745054952 0.4576756892717306 1.001904455422071
2 0.2516784211834762 0.08532093826886585 0.06591902844037276 0.07571479164854161 0.06241219127151628 0.143528449786703 0.24817158401461975 0.15313459640702726
0 0.4293344892428732 0.5333995097442465 0.24611829339112243 0.5293280386516346 0.2453795277405309 0.562572492326606 0.42859572359228165 0.5666439634192179
0 0.09814199537037044 0.4973421921296296 6.108925060950186e-17 0.4973421921296296 6.472129504619253e-17 0.5566579791666667 0.09814199537037044 0.5566579791666667