2 1.0027215835860848 0.5281012593769809 0.9999999999999999 0.45380588194444443 0.7771004372081108 0.46197112468771956 0.7798220207941958 0.5362665021202561
2 0.7275835740274279 0.2644266256238922 0.72148214818723 0.22135773734014247 0.57178143981513 0.24256533769285665 0.5778828656553279 0.28563422597660637
2 0.5445851750547323 0.8538646625633498 0.5304727313139912 0.7557047752039447 0.43901255625925895 0.7688540015294839 0.453125 0.8670138888888889
2 0.7161248698729532 0.7980333383451528 0.7136606017605827 0.7425873058168136 0.6109220127594328 0.7471534653279757 0.6133862808718034 0.8025994978563148
2 0.9603355518469024 0.8618323066358263 0.9570241902944275 0.7873267003611447 0.7841061550213013 0.7950119493291475 0.7874175165737762 0.8695175556038292
2 0.5620594465365516 0.6201610978986046 0.5525408446191175 0.4555950469705215 0.46306672600733995 0.4607702851935677 0.4725853279247741 0.6253363361216508
2 0.49497266070696916 0.7019891483212047 0.4947005515064787 0.6523649186017986 0.29855424139001224 0.6534404660899257 0.2988263505905027 0.7030646958093318
2 0.3111028196745654 0.986048835694673 0.296606558738936 0.7692491999240377 0.17930503622237387 0.77709254095412 0.1938012971580033 0.9938921767247552
2 0.44582982279268824 0.36518113369604244 0.43362076859364646 0.3179927618108888 0.3194042466799211 0.347544018842273 0.33161330087896296 0.3947323907274266
2 0.33433444193563105 0.43479346933632956 0.33233222478734287 0.3897435689676196 0.23321987468354177 0.3941485608846007 0.2352220918318299 0.4391984612533107
2 0.7507700839147544 0.06038244054344411 0.7494609412086995 0.03092673491715879 0.5876945743633704 0.038116352505255705 0.5890037170694251 0.06757205813154102
2 0.2540317924552948 0.12137774991794066 0.23658953464171525 0.054462172503375116 0.13554892903784632 0.08079948229993189 0.15299118685142582 0.14771505971449742
2 0.9785591491952558 0.328159609625314 0.9740863433516098 0.2820843094105769 0.8746271258341151 0.2917394124103052 0.8790999316777609 0.3378147126250423
2 0.6979790918945695 0.3972930686134528 0.5955702015812867 0.39684901700431363 0.5954242366943674 0.43051200073515333 0.6978331270076502 0.4309560523442925
0 0.8129307751209132 0.35074477495154815 0.5824155420180369 0.3289738867026044 0.5712199621413653 0.4475152927987947 0.8017351952442416 0.4692861810477385
2 0.93591106156406 0.30736228566841134 0.9302894481122963 0.18087602253068802 0.7735354715724504 0.18784286810959755 0.779157085024214 0.3143291312473209
2 0.9944743601519517 0.1853656562552176 0.9453894074824666 0.10448036504994791 0.9033951638235486 0.12996442317316975 0.9524801164930337 0.2108497143784394