2 0.20528956422018357 0.569194380733945 0.18026519495412854 0.5684360665137614 0.17539420871559644 0.7291786123853212 0.20041857798165144 0.7299369266055046
2 0.19687500000000005 0.3234375 0.07500000000000002 0.3234375 0.07500000000000005 0.509375 0.19687500000000005 0.509375
2 0.6771756286423483 0.6638975825598964 0.6712345537448736 0.529233218217138 0.6420175237427153 0.5305222048348802 0.6479585986401899 0.6651865691776387
2 0.8541986811926607 0.6885564793577982 0.8493735665137615 0.5293276949541285 0.8034876720183488 0.5307181766055047 0.808312786697248 0.6899469610091743
2 0.6679186525129985 0.8277648396880416 0.6015625000000001 0.825 0.5980177642980936 0.9100736568457539 0.664373916811092 0.9128384965337956
2 0.4484375000000001 0.7265625 0.39218750000000013 0.7265625 0.39218750000000013 0.8671875 0.4484375000000001 0.8671875
2 0.30955528846153846 0.28972355769230773 0.2837139423076923 0.2845552884615385 0.2538461538461538 0.4338942307692309 0.2796875 0.4390625000000001
2 0.4703125 0.4390625 0.434375 0.4390625 0.434375 0.496875 0.4703125 0.496875
2 0.6129109277546777 0.4120208549896051 0.5688880587318089 0.29596056392931386 0.5195247531185032 0.3146845764033263 0.5635476221413721 0.43074486746361756
2 0.2024889167309175 0.28335100231303006 0.19939403430994604 0.17193523515805703 0.12449522937548187 0.1740157575173477 0.12759011179645333 0.28543152467232075
2 0.2535578339882122 0.9009669695481337 0.2129604616895874 0.7223385314341848 0.10821463654223971 0.7461444007858548 0.14881200884086446 0.9247728388998037
2 0.843063129194631 0.21694106543624164 0.8219851090604029 0.09749895134228187 0.7376625419463088 0.11237940436241606 0.7587405620805369 0.23182151845637583
2 0.5203125000000001 0.23750000000000004 0.50625 0.23750000000000004 0.50625 0.30625 0.5203125000000001 0.30625
2 0.3296875 3.855723906690495e-17 0.3 3.6739403974420595e-17 0.3 0.26093750000000004 0.3296875 0.26093750000000004
2 0.9390625 0.37656250000000013 0.8953125 0.37656250000000013 0.8953125 0.5187500000000002 0.9390625 0.5187500000000002
2 0.939883173076923 0.09540913461538472 0.911903846153846 0.09491826923076936 0.9088860576923077 0.2669322115384617 0.9368653846153847 0.26742307692307704
0 0.5996323529411763 0.5436580882352943 0.45661764705882363 0.507904411764706 0.40110294117647066 0.7299632352941179 0.5441176470588235 0.765716911764706
2 0.7701617600036547 0.6963185752786408 0.7134903731956881 0.6829378311712043 0.6732365133382059 0.8534247670381875 0.7299079001461725 0.8668055111456241
2 0.7224145372928178 0.27275120856353585 0.715266747237569 0.13694319751381218 0.678444406077348 0.1388812154696133 0.6855921961325968 0.27468922651933697
2 0.0796875 0.0765625 9.376202055971923e-18 0.0765625 2.9372388073299805e-17 0.403125 0.07968750000000002 0.403125
2 0.5703642955801106 0.12870338397790063 0.542809046961326 0.12725310773480666 0.5387689917127071 0.20401415745856358 0.5663242403314916 0.20546443370165754