2 0.37031250000000004 0.5203125000000001 0.30937500000000007 0.5203125000000001 0.3093750000000001 0.6671875 0.3703125000000001 0.6671875
2 0.615625 0.7390625 0.5406250000000001 0.7390625 0.5406250000000001 0.884375 0.615625 0.884375
2 0.48276245551601427 0.7667148576512456 0.46085409252669035 0.6966080960854092 0.31957295373665473 0.7407584519572953 0.3414813167259787 0.8108652135231318
2 0.7443517126230277 0.46844950984221223 0.74241524761756 0.3135323094047806 0.6905092954225904 0.3141811338072177 0.6924457604280582 0.4690983342446493
2 0.9975000000000006 0.330000000000001 0.866250000000001 0.2643750000000003 0.7621874999999998 0.47249999999999975 0.8934374999999994 0.5381250000000004
2 0.8498654390934846 0.5744015580736546 0.7955807365439094 0.5731090651558075 0.7922760269121812 0.7119068696883852 0.8465607294617564 0.7131993626062324
2 0.49610107879924953 0.24327509380863044 0.45375820825515945 0.23959310506566608 0.44739094746716696 0.3128166041275798 0.48973381801125704 0.31649859287054416
2 0.23213682432432434 0.12280405405405406 0.1720861486486486 0.11279560810810814 0.1472128378378379 0.262035472972973 0.20726351351351363 0.27204391891891894
2 0.20313175237683676 0.529457919187554 0.15345046456352643 0.5279967048401037 0.14870219317199657 0.6894379321521176 0.19838348098530692 0.6908991464995679
2 0.4532018442622951 0.18365778688524592 0.44798924180327865 0.1263191598360656 0.4109375 0.1296875 0.41615010245901646 0.18702612704918037
2 0.6317849264705884 0.21514154411764713 0.5817279411764709 0.2099632352941177 0.5727058823529414 0.2971764705882354 0.6227628676470589 0.3023547794117648
2 0.634188962491397 0.4950393582243634 0.6291885323468684 0.4317005763936683 0.5254355213351686 0.4398916035788025 0.5304359514796971 0.5032303854094976
2 0.5317187499999998 0.62015625 0.50859375 0.5507812500000001 0.4678124999999999 0.564375 0.4909374999999998 0.6337499999999999
2 0.45792682926829265 0.35365853658536606 0.4362804878048781 0.3266006097560976 0.40464939024390245 0.35190548780487807 0.426295731707317 0.3789634146341465
2 0.9631591163640649 0.2681325159160575 0.9541680175666115 0.12202716045743928 0.6949812838953078 0.13797711329875023 0.7039723826927612 0.28408246875736853
2 0.3968750000000001 0.8296875 0.3718750000000001 0.8296875 0.3718750000000001 0.925 0.3968750000000001 0.925
2 0.0910937500000001 0.3954687500000001 0.040551470588235355 0.39158088235294125 0.03347426470588239 0.4835845588235294 0.08401654411764713 0.48747242647058825
2 0.8989722882454622 0.8963078003457216 0.8938053694900604 0.7206325626620571 0.8300737359550562 0.7225070224719102 0.8352406547104579 0.8981822601555747
0 0.47656250000000006 0.5328125 0.44531250000000006 0.5328125 0.4453125000000001 0.7046875 0.4765625000000001 0.7046875
0 0.5015625000000001 0.8453125 0.4453125000000001 0.8453125 0.4453125000000001 0.9609375 0.5015625000000001 0.9609375