2 0.4578125000000001 0.715625 0.3906250000000001 0.715625 0.3906250000000001 0.915625 0.4578125000000001 0.915625
2 0.6814136477761837 0.6627734935437591 0.6633003048780488 0.5287347560975609 0.622491481348637 0.534249461979914 0.6406048242467719 0.6682881994261121
2 0.2054375 0.49118749999999994 0.19374999999999998 0.40937499999999993 0.10624999999999998 0.42187499999999994 0.11793750000000001 0.5036875
2 0.21191531335773114 0.5682410795974383 0.16181524473924988 0.5652047118023787 0.1562714432753889 0.6566774359560841 0.20637151189387015 0.6597138037511435
2 0.15781250000000005 0.7203125 0.0906250000000001 0.7203125 0.0906250000000001 0.8765625 0.1578125000000001 0.8765625
2 0.474775962956137 0.5112208579063767 0.47014202451161075 0.43089925820125324 0.32147818374493187 0.4394760182454846 0.3261121221894581 0.5197976179506081
2 0.31216873827392116 0.2842782598499062 0.2667243198874296 0.2803265712945591 0.2513924718574109 0.4566428236397749 0.2968368902439025 0.460594512195122
2 0.20454922566371678 0.2807383849557522 0.1975318030973451 0.17547704646017698 -0.006353705752212389 0.18906941371681416 0.0006637168141592908 0.29433075221238936
2 0.6008871255349502 0.4052380527817404 0.5812388552068474 0.3030670470756063 0.53754235021398 0.3114702211126962 0.5571906205420828 0.4136412268188303
2 0.540625 0.22500000000000006 0.5 0.22500000000000006 0.5 0.3140625 0.540625 0.3140625000000001
2 0.8485965339643655 0.544032224387528 0.8222031597995547 0.5436382934298443 0.8200344515590202 0.6889417455456572 0.846427825723831 0.689335676503341
2 0.8517567567567569 0.2244594594594595 0.8242229729729731 0.13497466216216217 0.7641638513513513 0.15345439189189192 0.7916976351351351 0.24293918918918925
2 0.6109375 0.803125 0.5671875000000002 0.803125 0.5671875000000002 0.8921875 0.6109375 0.8921875
2 0.5236628338278932 0.55084940652819 0.49343750000000014 0.5493750000000001 0.4889512240356084 0.6413436572700298 0.5191765578635016 0.6428180637982197
0 0.5845274390243904 0.5404344512195123 0.4787728658536587 0.5261432926829269 0.450919117647059 0.732261029411765 0.5566736908177907 0.7465521879483503
2 0.7046875 0.7109375 0.5906250000000002 0.7109375 0.5906250000000002 0.853125 0.7046875 0.853125
2 0.7731490384615385 0.8651201923076925 0.7517067307692309 0.8275961538461539 0.6763221153846153 0.8706730769230767 0.6977644230769228 0.9081971153846153
2 0.9462837837837839 0.4745777027027028 0.9307010135135135 0.38108108108108113 0.8876266891891892 0.3882601351351352 0.9032094594594595 0.48175675675675683