2 1.0088703363333857 0.30376405580415 0.8574799449041521 0.2735556265237753 0.8075743843109149 0.5236587445171983 0.9589647757401484 0.553867173797573
2 0.8510538280223153 0.7317494041424121 0.8501503719650247 0.6097834598837869 0.8108572934869956 0.6100745212122286 0.8117607495442862 0.7320404654708539
2 0.6159843854834951 0.9717525090526975 0.6008265023664134 0.7502938590606028 0.5563438956890102 0.7533385003639941 0.5715017788060919 0.9747971503560888
2 0.4181739304194764 0.9695231537979511 0.4143198896585504 0.841500111881858 0.3715700462591427 0.8427870648906179 0.3754240870200687 0.970810106806711
2 0.39827803857255606 0.5456921001446241 0.3439731257576749 0.5435443405556304 0.3387637843529503 0.6752596555546768 0.3930686971678314 0.6774074151436705
2 0.2137920130516262 0.5574250741290248 0.17558365918341504 0.5545572093806793 0.1653758163356091 0.6905555586700138 0.20358417020382027 0.6934234234183593
2 0.7452775839558734 0.45677851466499614 0.7442349730916802 0.3160261739554151 0.7065136187976249 0.3163055916446755 0.7075562296618181 0.4570579323542565
2 0.4557933845131408 0.3330856632834846 0.42685464270058954 0.3315938469471088 0.42183758644779085 0.4289163470556024 0.45077632826034203 0.43040816339197824
2 0.25177547845418086 0.12882165338938217 0.17701689255038314 0.1156767254185337 0.15666935620033862 0.2313983974983591 0.2314279421041364 0.24454332546920757
2 0.45459999939385826 0.21950298398776216 0.44775476734653336 0.1268184822960901 0.4248943616245146 0.12850684204348112 0.4317395936718395 0.22119134373515317
2 0.5794882054593435 0.46071271291079774 0.5364496182659475 0.45314517175726376 0.5265612998615954 0.5093826265933072 0.5695998870549915 0.5169501677468412
2 0.5118016103367898 0.260127683617209 0.47576329647841864 0.25408036072082324 0.4656411337153588 0.3144022064087199 0.50167944757373 0.3204495293051057
2 0.7243327819609087 0.31032071155680835 0.7189821017852641 0.17879131302011955 0.6864429950210853 0.1801150197764286 0.6917936751967299 0.31164441831311746
2 1 0.16093640972222237 0.8080246898148148 0.16093640972222237 0.8080246898148148 0.29371069212962975 1 0.29371069212962975
2 0.4741212926418947 0.8168357697129892 0.4697355419077949 0.7469413492323361 0.3747295676350178 0.7529028053621003 0.3791153183691176 0.8227972258427534
0 0.5508851855509087 0.7573019633999835 0.5287543689374322 0.5429036967921698 0.42508838265183285 0.5536044033223136 0.4472191992653094 0.7680026699301273
2 0.11559545327347867 0.5433708675097213 0.09906427649788672 0.39452165215172813 0.04349055378756863 0.40069366341824675 0.060021730563160576 0.54954287877624
2 0.9201321580556633 0.7755393331177922 0.8601294458790731 0.774732994263247 0.8579781138197009 0.9348217182868335 0.9179808259962912 0.9356280571413786