2 0.21722095357225973 0.47222044449616013 0.11621443739818477 0.21549554922038627 -0.008953921340470112 0.2647421165929718 0.09205259483360484 0.5214670118687457
2 0.19687500000000005 0.5734374999999999 0.15781250000000005 0.5734374999999999 0.15781250000000005 0.69375 0.19687500000000005 0.69375
2 0.44861219550281084 0.7242621798875704 0.40641200811992517 0.7232071752029982 0.4008432229856341 0.9459585805746409 0.4430434103685198 0.9470135852592131
2 0.6408061903137793 0.824897680763984 0.5975827080491134 0.8216959413369717 0.5882034447476125 0.9483159959072306 0.6314269270122785 0.951517735334243
2 0.6840388295729253 0.5372469278807415 0.6283598156728445 0.5270201702256246 0.60580429089444 0.6498224717969381 0.6614833047945207 0.6600492294520549
2 0.8474706375838925 0.6790205536912752 0.8277307046979865 0.5457760067114094 0.7851468120805369 0.5520847315436241 0.8048867449664429 0.68532927852349
2 0.32211853179551125 0.29471438591022453 0.290625 0.28593750000000007 0.2535368609725686 0.41901846945137167 0.28503039276807984 0.42779535536159613
2 0.5840622467585089 0.4098928788492707 0.5756824858184766 0.31212900121555925 0.547541025121556 0.31454112641815246 0.5559207860615883 0.4123050040518639
2 0.8435661764705883 0.22738970588235285 0.8314834558823527 0.1105900735294117 0.7533860294117645 0.1186691176470589 0.76546875 0.23546875000000006
2 0.5750000000000001 0.11093750000000006 0.5515625000000001 0.11093750000000006 0.5515625000000001 0.20312500000000006 0.5750000000000001 0.20312500000000006
2 0.47745666058394165 0.48691605839416063 0.4709078467153284 0.4301596715328468 0.4288594890510949 0.4350114051094891 0.43540830291970806 0.49176779197080295
2 0.5376266891891893 0.2945101351351351 0.5275760135135136 0.23420608108108104 0.4921030405405405 0.2401182432432432 0.5021537162162163 0.30042229729729725
2 0.31934711538461547 0.28091057692307697 0.31707692307692315 0.15150961538461535 0.2840826923076923 0.1520884615384615 0.28635288461538466 0.2814894230769231
2 0.196875 0.12187500000000001 1.5882138176442238e-17 0.121875 2.3918882795846743e-17 0.253125 0.196875 0.253125
2 0.6341738861386139 0.7348236386138614 0.5377939356435645 0.7251856435643566 0.5308787128712874 0.7943378712871291 0.6272586633663367 0.8039758663366338
0 0.59144677906728 0.5391524160338005 0.4920227096480908 0.5203141713017435 0.45248104743822876 0.7290062774093488 0.551905116857418 0.7478445221414057
2 0.9618545799299884 0.3992105455075847 0.9047513127187864 0.39133423278879825 0.8844698074679114 0.5383751458576431 0.9415730746791133 0.5462514585764295
2 0.157113326848249 0.8919382295719843 0.14716074902723733 0.7326969844357976 0.08733584630350194 0.736436040856031 0.09728842412451362 0.8956772859922177