2 0.16009991144539726 0.43924793776085963 0.10868790481289851 0.4382241586678673 0.10647012504360805 0.5495963374793252 0.1578821316761068 0.5506201165723176
2 0.39981212334760374 0.8002509673559941 0.36879217670675746 0.7971150637676315 0.34839290266193207 0.9989020047726924 0.37941284930277835 1.002037908361055
2 0.6044587678689836 0.9109651792810363 0.5723307835387123 0.9086833733272255 0.5658452592592593 1.0000000000000002 0.5979732435895307 1.002281805953811
2 0.6753918005652209 0.590642053877652 0.6262775829995639 0.5899709163389211 0.6243557721177664 0.7306101032739073 0.6734699896834232 0.7312812408126381
2 0.8803855956369314 0.7565235907757333 0.8626153490842222 0.6622522411736979 0.8021581901105511 0.673648477945249 0.8199284366632603 0.7679198275472844
2 0.28939978736434396 0.3135744623843703 0.2650603222536583 0.30929171937553723 0.23421416856745317 0.4845949957794145 0.25855363367813883 0.48887773878824753
2 0.12982253009259262 0.08542952777777778 1.2209860265378325e-17 0.08542952777777778 3.3923087273959627e-17 0.44003343518518523 0.12982253009259265 0.44003343518518523
2 0.2558312985819449 0.3406808949743779 0.1938688588141856 0.3399398873527037 0.19330663210215024 0.38695281645269075 0.25526907186990955 0.3876938240743649
2 0.14883999915973953 0.6357987978621296 0.12048032747752904 0.632510802011753 0.10527991131020932 0.7636176621036783 0.1336395829924198 0.766905657954055
2 0.6002361692276631 0.3355768098431269 0.5578724234310589 0.33361960378625144 0.5525282495330786 0.449294304317437 0.5948919953296828 0.4512515103743124
2 0.47055308214287267 0.5514660514367666 0.46765320006480937 0.4636772133868946 0.404517708245087 0.465762734568001 0.4074175903231503 0.553551572617873
2 0.558349267918164 0.2658476104196839 0.5238765602253781 0.2627833701736294 0.5154683738572613 0.35737548032810174 0.5499410815500472 0.3604397205741563
2 0.9649215737622668 0.4017439374238114 0.9474446206649654 0.40039143016540457 0.9321437221091579 0.5981079930483376 0.9496206752064593 0.5994605003067444
2 0.9074550675984815 0.24880537197810962 0.9002679576692827 0.12511714887111774 0.8178612123630209 0.12990552987091 0.8250483222922197 0.2535937529779019
2 0.0676194418611392 0.9849937111618229 0.06513819119831543 0.8062445544263248 0.008383951871530586 0.8070323706964515 0.010865202534354357 0.9857815274319495
2 0.5936961468750729 0.9141263619506138 0.5914942983865786 0.7627784070531822 0.5056740129921736 0.7640269423624692 0.5078758614806678 0.9153748972599006
2 0.09155127241002735 0.4227686636357302 0.02051465955150657 0.4223742592508821 0.019665846449818305 0.5752549320078718 0.09070245930833909 0.5756493363927199
2 0.8787845288311757 0.585346330167701 0.855497623555739 0.5845186782837772 0.850067790290485 0.7372930697464541 0.8733546955659217 0.7381207216303778
2 0.1880256866591027 0.20313125885528296 0.06877388644954932 0.1816755755541051 0.050057109172625944 0.2857043940756687 0.16930890938217932 0.30716007737684664
0 0.5708580427158693 0.5805957648347487 0.4796985940111441 0.5741874412955952 0.4628344708143065 0.8140823473688522 0.5539939195190317 0.8204906709080058
2 0.5368438537005834 0.6657016280772119 0.5020721364155573 0.6057234240255399 0.43667457204227333 0.6436369570409343 0.47144628932729943 0.7036151610926062