2 0.19062500000000004 0.403125 0.14531250000000007 0.403125 0.14531250000000007 0.5031249999999999 0.19062500000000004 0.5031249999999999
2 0.43296259293680306 0.7251923791821561 0.40478461895910783 0.7248487453531598 0.4024993029739778 0.9122446561338289 0.43067727695167296 0.9125882899628251
2 0.627620935607268 0.9233348940070132 0.6258308096907874 0.8230878426840933 0.5967943098501753 0.8236063516098184 0.5985844357666559 0.9238534029327383
2 0.6771219978165938 0.660446233624454 0.6601187227074236 0.5329216703056767 0.6162117903930131 0.5387759279475981 0.6332150655021833 0.6663004912663754
2 0.861161353868195 0.6820558739255014 0.8376119269340976 0.5972779369627508 0.7852301217765044 0.6118284383954155 0.8087795487106019 0.696606375358166
2 0.294814141651032 0.28854362101313324 0.2724290572232646 0.28659709193245786 0.2586391885553471 0.44518058161350843 0.28102427298311444 0.44712711069418387
2 0.16537864963503648 0.3978649635036496 0.12827554744525546 0.07630474452554745 -0.01186587591240876 0.09247490875912406 0.025237226277372245 0.4140351277372262
2 0.26875000000000004 0.3140625 0.21093750000000006 0.3140625 0.21093750000000006 0.35625 0.26875000000000004 0.35625
2 0.19408416970802927 0.5798232208029198 0.16825843978102195 0.5791252281021899 0.16508553832116796 0.6965225821167884 0.19091126824817528 0.6972205748175183
2 0.5796875 0.30625000000000013 0.540625 0.30625000000000013 0.540625 0.4109375000000001 0.5796875 0.4109375000000001
2 0.4764672479484173 0.5004689331770222 0.46664438012895665 0.4199214170574443 0.410580304806565 0.42675849941383354 0.4204031726260257 0.5073060155334115
2 0.5328125 0.24375000000000005 0.5015625 0.24375000000000005 0.5015625 0.328125 0.5328125 0.328125
2 0.9419336195508586 0.5450999009247027 0.9398482909511231 0.3636763127476883 0.8935361624834876 0.3642086360634082 0.8956214910832231 0.5456322242404226
2 0.8482536764705882 0.22270220588235295 0.8201286764705883 0.11020220588235291 0.7499080882352943 0.12775735294117632 0.7780330882352943 0.2402573529411764
2 0.14988567073170728 0.8927210365853658 0.13212652439024386 0.732888719512195 0.08119283536585366 0.7385480182926828 0.09895198170731706 0.8983803353658536
2 0.6170625 0.8256875 0.5974375000000004 0.6883125000000001 0.5226250000000003 0.699 0.5422499999999998 0.8363749999999998
2 0.13679956896551723 0.524407327586207 0.12531249999999997 0.38656250000000003 0.06182112068965516 0.39185344827586205 0.07330818965517241 0.5296982758620691
2 0.8538507135259705 0.6667321286119482 0.8465115892572237 0.5291235485729479 0.825591927406488 0.5302392638716538 0.8329310516752346 0.6678478439106541
2 0.1921875 0.1890625 0.07968750000000002 0.1890625 0.07968750000000002 0.27968750000000003 0.19218750000000004 0.27968750000000003
0 0.5807392996108951 0.5284837062256811 0.49688715953307416 0.5232429474708172 0.48346303501945537 0.738028939688716 0.5673151750972762 0.7432696984435799
2 0.5441495901639344 0.6053329918032787 0.5101178278688524 0.5503586065573771 0.45514344262295076 0.5843903688524592 0.48917520491803274 0.6393647540983608