2 0.6943776731864766 0.5193973847263589 0.6310631974763999 0.5189283886302748 0.6299519016344207 0.6689533337869333 0.6932663773444974 0.6694223298830174
2 0.460349917466279 0.8904243657481609 0.4561428725439423 0.7414535563901922 0.37985919581711963 0.7436078633729755 0.38406624073945633 0.8925786727309442
2 0.6827946223866663 0.7392179128996809 0.5352129916760145 0.7023907032853939 0.517608562304831 0.7729388230463283 0.6651901930154828 0.8097660326606154
2 0.3010767939814815 0.30830670833333335 0.24749733796296305 0.30830670833333335 0.24749733796296305 0.4664536736111111 0.3010767939814815 0.4664536736111111
2 0.22176768814741635 0.4846103685854633 0.14706858866348863 0.262832300771667 0.007195399589560458 0.3099442689151537 0.08189449907348816 0.53172233672895
2 0.2005435638739468 0.5740749013644662 0.14407105335984077 0.5723120054498867 0.13963044005496542 0.7145623671840762 0.19610295056907143 0.7163252630986556
2 0.5483455072257438 0.3083498343915422 0.5446248575056727 0.2325327711323604 0.5021950906408511 0.23461497127863373 0.5059157403609222 0.3104320345378155
2 0.8491243053217917 0.25784533842852475 0.8395078987098813 0.10511415289438195 0.7782491510919988 0.10897118460385079 0.7878655577039092 0.2617023701379936
2 0.860623287032741 0.5276450631875382 0.8091509578968881 0.5257498952375258 0.8030007309933642 0.6927886547502603 0.8544730601292172 0.6946838227002727
2 0.5866908684703204 0.11992827928449479 0.5485715266325043 0.1159125851188045 0.5423650729114855 0.17482791114474364 0.5804844147493016 0.17884360531043392
2 0.418920837962963 0.20447284259259266 0.3661341851851852 0.20447284259259266 0.3661341851851852 0.29392971296296305 0.418920837962963 0.29392971296296305
2 0.4710507083522832 0.4366836475240047 0.36478768725853505 0.42871834395605746 0.35993816600074535 0.4934145322827376 0.4662011870944935 0.5013798358506848
2 0.525895412732784 0.5563005769975564 0.48338072909824065 0.5529185711671978 0.4774749953705343 0.6271586563880637 0.5199896790050776 0.6305406622184222
2 0.5938098403831349 0.34737547310793104 0.5615100627741111 0.32110758188272964 0.5393232428993664 0.3483891531996608 0.5716230205083902 0.3746570444248622
2 0.29621952775995886 0.12834654239194668 0.030563215872026664 0.11199325322017721 0.02137225911096427 0.26129873239437723 0.2870285709988965 0.27765202156614666
2 0.6320188481840987 0.8356025296670998 0.6063191565388931 0.8354121613049814 0.6055976895807988 0.9328100595109248 0.6312973812260045 0.933000427873043
2 0.9734056975587385 0.4821642907775023 0.9676796006191984 0.388261287050783 0.9166370833333333 0.39137380092592594 0.9223631802728733 0.4852768046526453
2 0.16130726210912005 0.7255963576791186 0.09605781370925587 0.7245261317115321 0.09311667035474817 0.9038415168346887 0.15836611875461234 0.9049117428022752
0 0.5547624877406006 0.7076322346587127 0.5534599895387965 0.5317950623488708 0.5215128590332475 0.5320317078743285 0.5228153572350516 0.7078688801841706
0 0.5565968518518519 0.8514376990740741 0.498994201388889 0.8514376990740741 0.498994201388889 0.9696485625 0.5565968518518519 0.9696485625