2 0.540625 0.42656250000000007 0.4453125 0.4265625 0.4453125 0.5171875 0.540625 0.5171875000000001
2 0.29218750000000004 0.6296875 0.20781250000000007 0.6296875 0.20781250000000007 0.675 0.29218750000000004 0.675
2 0.1808153274814316 0.7228772788656314 0.03093718349088461 0.6670403232613101 -0.013774476704928991 0.7870558322079678 0.13610366728561799 0.842892787812289
2 0.4359375000000001 0.7546875 0.3953125000000001 0.7546875 0.3953125000000001 0.79375 0.4359375000000001 0.79375
2 0.194186320754717 0.3462146226415095 0.12258254716981137 0.34310141509433967 0.11944870283018873 0.4151798349056604 0.19105247641509437 0.4182930424528302
2 0.39218750000000013 0.5828125000000001 0.3234375000000001 0.5828125000000001 0.3234375000000001 0.634375 0.39218750000000013 0.634375
2 0.2731125553097346 0.4079991703539824 0.22343750000000007 0.40468750000000003 0.22034706858407085 0.4510439712389381 0.2700221238938053 0.4543556415929204
2 0.08233292079207927 0.4016707920792079 0.04427599009900998 0.39786509900990097 0.03750000000000005 0.4656250000000001 0.07555693069306935 0.46943069306930707
2 0.12566892971246005 0.5417232428115016 0.12265625 0.46640624999999997 0.07198732028753994 0.46843300718849834 0.075 0.5437500000000001
2 0.339604076964478 0.8254709364908502 0.33568857642626476 0.7693487621097955 0.23805335037674918 0.7761605220667385 0.2419688509149624 0.8322826964477933
2 0.2578125 0.24687500000000012 0.1923125 0.19775000000000006 0.1701875 0.22725000000000004 0.23568750000000002 0.2763750000000001
0 0.8393547272945702 0.3155053159538685 0.565928189572321 0.3128246636232582 0.5647460655934647 0.4334013094666027 0.8381726033157139 0.436081961797213
2 0.4441883102268636 0.19953355689593089 0.0987559641699676 0.12855430770615775 0.0808212549513864 0.21583655923658632 0.42625360100828236 0.2868158084263595
2 0.5769265947467168 0.9084210834896811 0.22567366322701699 0.8533225844277673 0.21672901031894942 0.910344746716698 0.5679819418386493 0.9654432457786117
2 0.5875000000000001 0.771875 0.46250000000000013 0.771875 0.46250000000000013 0.846875 0.5875000000000001 0.846875