2 0.392471161119516 0.5628805786686839 0.31871927004538586 0.5451801248108926 0.25729245461422084 0.801125189107413 0.33104434568835106 0.8188256429652042
2 0.6925496080352768 0.5887447942185204 0.640063081822636 0.5611893679568841 0.5839876286134248 0.6679997550220482 0.6364741548260655 0.6955551812836845
2 0.7489518391521197 0.699349283042394 0.7440889962593517 0.6020924251870324 0.7070721633416457 0.6039432668329177 0.7119350062344139 0.7012001246882792
2 0.5656250000000002 0.5390625000000001 0.4890625000000001 0.5390625000000001 0.4890625000000001 0.653125 0.5656250000000002 0.653125
2 0.85609375 0.5417187499999999 0.77984375 0.31296874999999996 0.7146874999999999 0.3346875000000001 0.7909374999999998 0.5634375
2 0.4612408088235295 0.8992555147058824 0.45125 0.769375 0.40046875000000004 0.77328125 0.41045955882352964 0.9031617647058824
2 0.16859631147540993 0.8201844262295083 0.0705430327868852 0.738473360655738 0.027382172131147534 0.7902663934426232 0.12543545081967228 0.8719774590163936
2 0.8154278523489934 0.7502369966442953 0.8116854026845638 0.6360922818791944 0.7621484899328858 0.6377164429530201 0.7658909395973154 0.7518611577181209
2 0.6671875 0.31406250000000013 0.5921875 0.31406250000000013 0.5921875 0.40781250000000013 0.6671875 0.40781250000000013
0 0.8622450056274619 0.23199563871693865 0.5457488041643218 0.20842677265053466 0.538638505908835 0.30390792065278577 0.8551347073719752 0.3274767867191897
2 0.5459981416396075 0.5214649747171066 0.4535048902415935 0.24788579306773534 0.36406249999999996 0.27812500000000007 0.45655575139801385 0.5517041816493714