2 0.7783516839378238 0.6402363989637306 0.5585006476683939 0.6260524611398964 0.5510395077720209 0.7417001295336789 0.7708905440414507 0.7558840673575132
0 0.8528238195342821 0.4814117076326002 0.7958845407503234 0.4077255821474773 0.6290346054333763 0.5366550776196637 0.685973884217335 0.6103412031047866
2 0.03401308963717808 0.6611455166002385 0.0015625000000000803 0.6609375000000001 6.065107264155948e-17 0.9046875 0.03245058963717806 0.9048955166002384
2 0.21239442567567562 0.485789695945946 0.1454603040540541 0.3920819256756757 0.10880489864864867 0.4182643581081081 0.17573902027027016 0.5119721283783785
2 0.4862617048156956 0.5976673974435196 0.4853922042211653 0.5620178730677764 0.3701406435790726 0.5648288867419738 0.3710101441736029 0.600478411117717
2 0.3726755136986302 0.6775513698630138 0.26392979452054804 0.6661044520547947 0.2598715753424659 0.7046575342465756 0.3686172945205481 0.7161044520547947
2 0.6066081460674156 0.3368644662921349 0.5353792134831461 0.3300807584269664 0.5283567415730338 0.4038167134831462 0.5995856741573033 0.4106004213483147
2 0.15250429524628512 0.40900235629481296 0.12592136583241173 0.2609708833654234 0.04565671107526804 0.2753845050744759 0.07223964048914143 0.4234159780038655
2 0.3592505828550933 0.33279568687231 0.2443306133428982 0.31726596126255385 0.22506276901004316 0.45984800932568154 0.33998273852223826 0.4753777349354376
2 0.3530128057601263 0.21226040570752236 0.3434257463177275 0.14728144726459758 0.19737350407680165 0.168830138742767 0.20696056351920042 0.2338090971856918
2 0.3815846866698865 0.9367064869596717 0.3810762421516542 0.8904380358005315 0.1324455521009418 0.8931702411857041 0.1329539966191741 0.9394386923448443
2 0.30546875000000007 0.52109375 0.2037500000000001 0.5065625000000001 0.19590625000000012 0.5614687500000002 0.2976250000000001 0.5760000000000001
0 0.22028846153846174 0.7144951923076924 0.11259615384615404 0.6529567307692309 0.08394230769230786 0.7031009615384618 0.19163461538461557 0.7646394230769233
0 0.5953125 0.18593750000000006 0.5656249999999999 0.18593750000000006 0.5656249999999999 0.2906250000000001 0.5953125 0.2906250000000001