2 0.44163188975057144 0.3817718268601731 0.40601161786446077 0.13860955002187372 0.27917097421046183 0.15719013855686764 0.31479124609657255 0.400352415395167
0 0.6614266819352052 0.10510824504380026 0.5714175229456528 0.04991691367654235 0.4512207963069397 0.24594056467449438 0.541229955296492 0.3011318960417523
2 0.7384143877010345 0.8269739254699066 0.6285312626924034 0.7581870821685918 0.6023697741583269 0.7999785931179955 0.712252899166958 0.8687654364193101
2 0.531991349556742 0.5866980733401745 0.5179391257033933 0.4582697672847143 0.47806009074414485 0.46263320665033886 0.4921123145974935 0.5910615127057992
2 0.42394370251210817 0.7109277107135505 0.40140598352754037 0.5908990366237276 0.3593084667944378 0.598803664490972 0.38184618577900564 0.718832338580795
2 0.7754675875870541 0.38799628158201493 0.7486420618367463 0.30845740583989933 0.6743638091565454 0.33350871768419715 0.7011893349068532 0.4130475934263128
2 0.8868697693877762 0.8411286704249699 0.7199205885050955 0.8201127009390404 0.7086688438401181 0.9094956607200173 0.8756180247227987 0.9305116302059467
2 0.8114065590993521 0.7100809566320334 0.783800669687912 0.5835326913978673 0.6286081048871303 0.6173871956333902 0.6562139942985704 0.7439354608675562
2 0.9987770591588814 0.7483118829517807 0.9882441547855606 0.587646381038792 0.9109254762521859 0.5927152367518536 0.9214583806255067 0.7533807386648422
2 0.18267240022635234 0.8696344738218477 0.16819367131996654 0.5941467449236247 0.11803914860700929 0.5967827016709336 0.13251787751339505 0.8722704305691565
2 0.6059287034009111 0.768031913144526 0.5805046933044288 0.6555426649246567 0.5207913590529127 0.6690386428685916 0.5462153691493951 0.7815278910884609
0 0.4519260764589728 0.8777030006409038 0.3740468120645921 0.761956996779223 0.3215779870120397 0.7972604488414936 0.39945725140642047 0.9130064527031744
0 0.9277604789650191 0.34976157669522356 0.9260533943481808 0.3168392369371332 0.8103920645118465 0.3228364922469767 0.812099149128685 0.3557588320050671