2 0.3878606979633397 0.2820093156056345 0.3875305692923091 0.2377383899033632 0.08169124062393837 0.2400190363890772 0.08202136929496902 0.28428996209134855
2 0.5103894718705078 0.4694879600257923 0.4486376531185871 0.36739162274319137 0.28676444821819036 0.4652988060550977 0.34851626697011107 0.5673951433376986
2 0.7093855702253177 0.6895399453610332 0.7060325407944537 0.6380374026805617 0.5734406107293011 0.646669688013769 0.5767936401601651 0.6981722306942406
2 0.4257803148557392 0.37113084688869824 0.3690150766878651 0.26933512336771454 0.1506794142665873 0.39108754526910794 0.20744465243446142 0.4928832687900916
2 0.7676470560785762 0.4828203213677951 0.7636777397674906 0.2650257593130932 0.7009055280766707 0.2661697858737045 0.7048748443877563 0.4839643479284064
2 0.8305899856752688 0.7647123053958587 0.8303043255258837 0.6231195268840443 0.753918029309888 0.6232736344664885 0.7542036894592731 0.7648664129783029
2 0.19238747458549607 0.6157954684795433 0.18588424743951662 0.4301455212785687 0.09076542139966165 0.4334774873842549 0.09726864854564111 0.6191274345852293
2 0.473366219150241 0.7308213066080869 0.18519618974586405 0.6918335934569719 0.16729931811989385 0.8241148073540918 0.4554693475242708 0.8631025205052067
2 0.5166073345795552 0.9722559474663036 0.3873806762028063 0.8927318416619938 0.34619810412854485 0.9596535142629071 0.47542476250529375 1.039177620067217
2 0.5631260221074431 0.11348606314288931 0.34857911045059525 -0.0864827370759848 0.25374401014880527 0.015266025051638462 0.4682909218056532 0.2152348252705126
2 0.646862506250423 0.17473089464485714 0.5508621037615095 0.17330866868206773 0.5501411501469418 0.22197311370357783 0.6461415526358553 0.22339533966636724