2 0.3202307299832406 0.12830822227928856 0.2829969893766557 0.12803444477482837 0.28097487092501483 0.403042554197978 0.31820861153159974 0.4033163317024382
2 0.5758860110556348 0.39288850748930104 0.48405514443651926 0.3306805010699002 0.39172610556348075 0.4669757489300999 0.48355697218259625 0.5291837553495008
2 0.6874377765486727 0.6071833517699115 0.6410813053097347 0.6040929203539821 0.6331650995575222 0.722836006637168 0.6795215707964601 0.7259264380530972
2 0.48783417630057807 0.24079660404624287 0.37300397398843943 0.22313041907514453 0.3426210260115607 0.4206195809248556 0.4574512283236993 0.43828576589595397
2 0.4946318604148661 0.695016745894555 0.29852393042350917 0.6892488656006915 0.2968020743301643 0.7477919727744167 0.4929100043215212 0.7535598530682802
2 0.7493933823529413 0.7719485294117651 0.6195128676470589 0.7619577205882353 0.6141819852941176 0.8312591911764706 0.7440625 0.8412500000000003
2 0.6271491083223251 0.17228492404227225 0.461176931968296 0.1505180812417438 0.4501333388375166 0.2347254788639367 0.6161055151915455 0.2564923216644651
2 0.8374014817150064 0.5110596626733922 0.8088981715006306 0.24502876733921825 0.6907235182849938 0.25769033732660784 0.7192268284993696 0.5237212326607819
2 0.9983173076923074 0.5381009615384614 0.9213942307692304 0.4227163461538461 0.8633413461538458 0.46141826923076934 0.9402644230769228 0.5768028846153846
2 0.2453718643448612 0.5042650998538725 0.13429204213346316 0.24211671943497326 0.028992632732586423 0.2867351132489041 0.14007245494398443 0.5488834936678033
2 0.26093750000000004 0.5453125 0.21718750000000006 0.5453125 0.21718750000000006 0.63125 0.26093750000000004 0.63125