0 0.34900477485949755 0.4243397539360951 0.30677204018996346 0.2048997535817754 0.20625371037678356 0.22424519627941605 0.24848644504631764 0.44368519663373573
0 0.769290839995376 0.7723930907652753 0.7486981450837867 0.31041359374191135 0.5571328300192417 0.3189526005900164 0.577725524930831 0.7809320976133804
0 0.5652879749475873 0.11654475746859404 0.3529141596742857 0.11199388861550202 0.35075035496100954 0.2129714112159612 0.5631241702343112 0.21752228006905322
2 0.1938507839078864 0.4161875891907585 0.18441526223956983 0.21995029120209128 0.03575665036248409 0.2270981248092841 0.04519217203080066 0.42333542279795133
2 0.22306098020741025 0.8935105755139602 0.20739950188661802 0.7412228659696786 0.16231984533470564 0.745858920093214 0.1779813236554979 0.8981466296374956
2 1 0.5276559606481482 0.6107318912037037 0.5276559606481482 0.6107318912037037 0.9641025648148148 1 0.9641025648148148
2 0.4104544322612628 0.7372105315782015 0.4102695403218766 0.6508270936395836 0.32638291501067845 0.6510066414928812 0.3265678069500647 0.7373900794314991
2 0.9247807798820303 0.15065186531840188 0.7882125198852286 0.1070618735553077 0.7546190899370252 0.21231071829665696 0.891187349933827 0.2559007100597511
2 0.3997064515693848 0.10243346592376644 0.3714346613476688 -0.002015092623625906 0.1473969782706452 0.05862668612183138 0.17566876849236124 0.16307524466922374
2 0.3622954474879274 0.9223088947023048 0.2947987588288381 0.7789308366757626 0.20070675978929947 0.8232256084971761 0.2682034484483888 0.9666036665237182
2 0.5224742404662379 0.08485846172816654 0.5158460892348091 -0.004621593689082445 0.4459183993369456 0.0005582343937927546 0.4525465505683744 0.09003828981104174
2 0.22588148563453536 0.5027561390538113 0.21613795878921047 0.3712185328661689 0.16497135516386952 0.37500865183257626 0.17471488200919444 0.5065462580202188
0 0.4649809490740741 0.9739395416666667 0.4478516104065548 0.8622073032749183 0.3830659069973982 0.8721394076566279 0.40019524566491743 0.9838716460483764
0 1.0052792790494955 0.5000528118237125 0.9984317375176665 0.2685078066622018 0.7749402106481482 0.2751171805555555 0.7817877521799773 0.5066621857170662