2 0.8902701837289532 0.7786944329041641 0.5979806834057038 0.7613576546050592 0.5956409110017971 0.8008050591348471 0.8879304113250464 0.8181418374339521
2 0.6726450120894195 0.5933820252171053 0.611918831096589 0.48812332136888875 0.46451893574725717 0.573161730508101 0.5252451167400879 0.6784204343563176
2 0.3813090457783939 0.4014906350298281 0.37989810939830243 0.3514665423639888 0.2537557357095518 0.35502440527811413 0.2551666720896433 0.4050484979439534
2 0.7797312810778879 0.719335742942327 0.771366830457509 0.5938690091341735 0.5676212027511662 0.6074520537416283 0.5759856533715451 0.7329187875497817
2 0.29235509951359306 0.7616831536268024 0.2853095494718571 0.5507863701107248 0.22333977709579816 0.5528566299082965 0.23038532713753415 0.7637534134243741
2 0.23621323884537443 0.4047415614444845 0.18808891122267468 0.26357685844099993 0.11997106762858206 0.2867988491534588 0.16809539525128178 0.4279635521569433
2 0.8644569930880832 0.6237828170593644 0.8413987017630987 0.44642612735576526 0.7526259098754644 0.4579675521562516 0.7756842012004489 0.6353242418598509
2 0.7705076319896235 0.2518617664543552 0.4834899187840586 0.20197535178971912 0.46205050650872664 0.32532538857035825 0.7490682197142916 0.3752118032349944
2 0.5800139321958575 0.10443623958643837 0.4429444932839627 0.03385336236931403 0.4103515211050784 0.0971477559272292 0.5474209600169732 0.16773063314435355
2 0.7153386921296296 0.8747508310185185 0.4634551504629631 0.8747508310185185 0.4634551504629631 1 0.7153386921296296 1
2 0.4466748012946575 0.8527244499754181 0.4434407435062275 0.8042135831489675 0.35244612268518516 0.8102798912037036 0.3556801804736152 0.858790758030154