0 0.7551281389182833 0.35731720771016073 0.7472023307181568 0.25788173391614105 0.5317775996252022 0.27505282020013166 0.5397034078253289 0.3744882939941514
0 0.6338837525691441 0.5874159904340053 0.1820359884755275 0.552586346044106 0.16773796186649695 0.7380757895170075 0.6195857259601135 0.7729054339069067
0 0.8432105864909273 0.41127650971213175 0.7453838939059055 0.4011624066705605 0.7244092667200914 0.604035404637697 0.8222359593051131 0.6141495076792682
2 0.756330041678614 0.08891275865274562 0.562398775223262 0.08833848936270713 0.561982436401427 0.2289364917172696 0.7559137028567791 0.22951076100730805
2 0.2453926675260756 0.20237714026860654 0.2450157597364519 0.1578359402715512 0.09669086167584998 0.15909106607592738 0.0970677694654737 0.20363226607298268
2 0.9877992430555556 0.8566506712962962 0.890168574074074 0.8566506712962962 0.890168574074074 1 0.9877992430555556 1
2 0.3996200023148149 0.5704441990740741 6.988325033272262e-17 0.5704441990740741 9.618595716567826e-17 1 0.3996200023148149 1
2 0.3230337245444476 0.3260899660556256 0.23853729756478084 0.32296046606040796 0.23558660294633937 0.4026291520317884 0.3200830299260061 0.40575865202700606
2 0.8139482103972845 0.8327324922652624 0.7147214548107564 0.7902243395557998 0.6606333290975072 0.9164822192374847 0.7598600846840353 0.9589903719469471
2 0.9482976681275951 0.44382341165362893 0.9191932926408719 0.21933803640619653 0.8133311235529743 0.23306299428185842 0.8424354990396975 0.45754836952929084
2 0.20097606840675777 0.28432958780647977 0.16765487239134474 0.18791661294307568 0.02400132872831418 0.23756457675174605 0.0573225247437272 0.3339775516151502
2 0.95940865234355 0.5763850051413364 0.9569183383931651 0.5091465753299383 0.8556727186076813 0.5128964157125052 0.8581630325580663 0.5801348455239033
2 0.6042642212177218 0.2462279112313491 0.6023902044242468 0.19562945124846642 0.47388749767980504 0.20038881014056578 0.47576151447327997 0.2509872701234485
0 0.10818373768911907 0.42299298255509776 0.10554078616764248 0.3590706175451611 -0.002642951521476597 0.36354361184191525 2.05596856412066e-18 0.42746597685185184
0 0.6520177199074074 0.8019840046296296 0.42132675000000014 0.8019840046296296 0.42132675000000014 1 0.6520177199074074 1