2 0.2899435377120645 0.35582840857125864 0.24528330098105755 0.22309395116163366 0.1986662059305657 0.2387788798628667 0.24332644266157263 0.3715133372724917
2 0.6826272557230676 0.6571009552610122 0.6523165302871519 0.26063261838221596 0.40871948961466276 0.2792560551866603 0.4390302150505785 0.6757243920654566
2 0.7311806823947236 0.3292626839167935 0.7287994989852867 0.264970731861999 0.6542823756976154 0.26773062531709796 0.6566635591070522 0.33202257737189245
2 0.6557985470436658 0.1729560168792269 0.6211904267310575 0.10386562396423787 0.5818385335592338 0.12357741016141738 0.6164466538718422 0.1926678030764064
2 0.6766598829627691 0.6592626390735021 0.5473818134947055 0.6576253195759875 0.5463445492042359 0.7395247443392107 0.6756226186722997 0.7411620638367253
2 0.10901476090816846 0.13811765918315574 0.039033168442415 0.13552574835109085 0.036726598173516006 0.19780314561136478 0.10670819063926948 0.20039505644342967
0 0.5442580630739713 0.7429893797640239 0.5143671959990447 0.5617420312278771 0.39843786698549294 0.5808608111251645 0.42832873406041944 0.7621081596613111
0 0.5941477168484873 0.5492306907423358 0.5548328790840384 0.4412766024019291 0.49210648148148145 0.4641203703703703 0.5314213192459304 0.5720744587107769
0 0.19369856916041836 0.17080627237031415 0.18634881504904086 0.12058865009304182 0.15789699374008434 0.1247528036542574 0.16524674785146184 0.17497042593152973
2 0.7991848286737562 0.20433331783500985 0.6716288415297682 0.20354036588529784 0.6678096064814815 0.8179108796296297 0.7953655936254693 0.8187038315793417
2 0.3000704968631215 0.5647964053985091 0.2918512677373365 0.42609691390088755 0.2561181255480424 0.42821443343803095 0.2643373546738274 0.5669139249356524