2 0.6077805365955354 0.4352455135265694 0.5135277052763164 0.43105649207345953 0.5093031520312156 0.5261087874284887 0.6035559833504345 0.5302978088815986
2 0.41315808048787367 0.7757860962520935 0.41216770369763145 0.6905237914313167 0.3668524412427204 0.6910501574998087 0.3678428180329626 0.7763124623205855
2 0.38742777991016336 0.953450024248398 0.3225153844330726 0.8056122138856098 0.20496218808245945 0.8572272882186357 0.26987458355955024 1.005065098581424
2 0.27733616406599343 0.5914612483734041 0.2755180559982011 0.5505538825477873 0.2364656064331804 0.5522895497604816 0.2382837145009727 0.5931969155860983
2 0.7074894418018425 0.8498017195848553 0.7042727920315573 0.7774271477015942 0.629954960336002 0.7807301646318658 0.6331716101062871 0.8531047365151271
2 0.4548106619095964 0.6560910284408275 0.45173386584657044 0.586863176974967 0.3995913473996588 0.589180624246212 0.40266814346268476 0.6584084757120726
2 0.6402748657407408 0.7487421388888891 0.6339460377391705 0.6986326715054779 0.587567491325826 0.7044902840194373 0.5938963193273963 0.7545997514028484
2 0.6566452604606099 0.9316723718787898 0.6524949051566049 0.8916223253326786 0.5858915729367358 0.898524377065 0.5900419282407406 0.9385744236111111
2 0.588206687906942 0.8985928697622069 0.5814674277263471 0.8506181661397485 0.5031885259003148 0.8616144172100714 0.5099277860809097 0.9095891208325297
2 0.26736101030885745 0.7501079056135372 0.2663244719518242 0.651160897249108 0.20912471092138965 0.6517601043125779 0.2101612492784229 0.7507071126770072
2 0.8489801532497109 0.7723565774892647 0.7982897914710421 0.7068155471498808 0.7694080776064302 0.7291530739938162 0.8200984393850989 0.7946941043332002
0 0.7122603842686639 0.39953041631545505 0.6932590523740088 0.12452068102193158 0.5721180835680849 0.13289071109328385 0.59111941546274 0.4079004463868074
2 0.9255208710844344 0.861637677266454 0.83333404061666 0.5165996004759961 0.7468790020795787 0.5396985466990908 0.839065832547353 0.8847366234895488
2 0.18858257241153684 0.7660867857575776 0.11219754410908969 0.4151160709809807 0.05552075074913816 0.4274511698442791 0.13190577905158532 0.778421884620876
2 0.260339561083205 0.5233417805369458 0.24714468927401043 0.3975874056720811 0.17221774624703096 0.40544917119203394 0.18541261805622558 0.5312035460568987