2 0.5125523843930635 0.5991907514450866 0.2070466040462426 0.3827908236994222 0.09041726878612717 0.5474440028901737 0.39592304913294796 0.763843930635838
2 0.49803270725388604 0.842211787564767 0.3040819300518136 0.8296988341968913 0.3002218264248706 0.8895304404145079 0.49417260362694304 0.9020433937823834
2 0.230677599009901 0.7369740099009903 0.11093750000000006 0.7249999999999999 0.10685334158415843 0.7658415841584156 0.2265934405940594 0.777815594059406
2 0.08199874461979917 0.9121032101865135 0.02738970588235303 0.8704963235294116 0.009025286944045993 0.8945996233859398 0.06363432568149213 0.9362065100430416
2 0.8173332910750508 0.8974233012170387 0.8084527129817446 0.8322990618661259 0.757064528397566 0.8393065415821502 0.7659451064908722 0.9044307809330631
2 0.30843200491940553 0.021344790140255438 0.26516707661712374 0.018836678354615905 0.23809595457400043 0.48581353359849283 0.2813608828762822 0.48832164538413236
2 0.8782478932584268 0.40105337078651676 0.8388275172860846 0.3137653954191876 0.6781506590319792 0.3863291378565254 0.7175710350043213 0.4736171132238547
2 0.42219150443568265 0.07509009980285854 0.4187646315919172 -0.002014539181863021 0.3734374999999999 2.05596856412066e-18 0.37686437284376534 0.07710463898472154
2 0.509375 0.425 0.4140625 0.425 0.41406250000000006 0.628125 0.5093750000000001 0.628125
2 0.8920088790233075 0.4399538706992231 0.8884590038845728 0.3334576165371809 0.8440812291897891 0.3349368756936737 0.8476311043285238 0.44143312985571587
0 0.5753065817790532 0.7842187948350072 0.572512105451937 0.41534791965566725 0.51007487446198 0.4158209289813487 0.5128693507890962 0.7846918041606886
0 0.8018534813771917 0.8504351721489823 0.801357013151158 0.7883766438947905 0.39508301468706 0.7916268358825035 0.39557948291309347 0.8536853641366953