2 0.7945539097657361 0.36511824775398116 0.5545513036835261 0.05388907418944144 0.39087540657305364 0.18010681081563543 0.6308780126552637 0.4913359843801751
2 0.950977623841296 0.45803689411805 0.916571663861955 0.2592334357197717 0.8555971221882361 0.2697860068746546 0.8900030821675773 0.4685894652729329
2 0.7973646733345406 0.18771941827464594 0.7725438828211404 0.06361547689143021 0.7330943842592593 0.07150537731481482 0.7579151747726596 0.19560931869803058
2 0.9356033449074075 1.1238912048372435e-16 0.8998502824074074 1.1019987680620734e-16 0.8998502824074074 0.030286738425926038 0.9356033449074075 0.03028673842592604
2 0.9688928392106099 0.7396002820523961 0.9006272005982899 0.7345435586465962 0.8966364579838929 0.7884184834243176 0.9649020965962128 0.7934752068301175
2 0.5012784085955926 0.25652587798182624 0.49701130431213697 0.2118056562691992 0.018477877227551356 0.2574662536072662 0.022744981511006998 0.3021864753198933
2 0.5204276744400042 0.7061337746481755 0.4264033342039596 0.6712199168235137 0.36410209710581115 0.8389995057609768 0.4581264373418557 0.8739133635856388
2 0.08525414333802114 0.41700615464984236 0.08490660558681158 0.36993409725513626 0.027433958333333335 0.37035842361111115 0.027781496084542893 0.4174304810058172
2 0.6677655575357718 0.4637786236684282 0.6527960023675973 0.37335027736147136 0.441285543171523 0.4083638280553426 0.4562550983396976 0.4987921743622994
2 0.49780688017103614 0.888673268921578 0.49763740041733917 0.842801130553221 0.3871518755103421 0.843209331701333 0.38732135526403905 0.88908147006969
0 0.8289429789744555 0.5486132615643272 0.8270426254887242 0.48407360397820365 0.44544939945366063 0.49530951759084596 0.447349752939392 0.5598491751769695
0 0.9153142453496743 0.7785280763430324 0.887611671005804 0.3591384549340244 0.8236694161592786 0.36336212900266107 0.851371990503149 0.7827517504116691