2 0.53269224129312 0.5239844516517381 0.43759635924052714 0.5162358952148255 0.42946996619148753 0.615968861115814 0.5245658482440804 0.6237174175527266
2 0.2994918492865388 0.7684277151451627 0.2527692652451615 0.762024869816514 0.24068258315722788 0.8502233176390938 0.2874051671986052 0.8566261629677427
2 0.21437908564814828 0.8823166296296295 0.07650689814814828 0.8823166296296295 0.07650689814814829 1 0.21437908564814828 1
2 0.17987953437089585 0.6055551766971795 0.13905654705154408 0.601926466841754 0.13525780555555564 0.6446623101851853 0.1760807928749074 0.6482910200406108
2 0.5843288079159846 0.8931153213931038 0.5087083896131894 0.890252563218926 0.5058628328540395 0.9654186021712255 0.5814832511568347 0.9682813603454034
2 0.3524981738979545 0.6634916340040439 0.29953541619917856 0.6618598577476985 0.2972653960431678 0.73553817426114 0.35022815374194377 0.7371699505174854
2 0.5272949973915609 0.8054666330670067 0.4785383168615085 0.8043890102150035 0.4773871088217996 0.8564750276109598 0.526143789351852 0.857552650462963
2 0.44960058101851863 0.9552045509259259 0.3671274421296297 0.9552045509259259 0.3671274421296297 1 0.44960058101851863 1
2 0.15700406501969943 0.7102518469691093 0.09797999949939075 0.6994440080607289 0.07953345371787598 0.8001847885313974 0.1385575192381847 0.8109926274397778
2 0.7396715189178912 0.9077599548243634 0.6943949711551868 0.8350892046016066 0.6614340164251915 0.8556250905882307 0.706710564187896 0.9282958408109875
0 0.6766410783016839 0.22128500446439006 0.5505113735448005 0.21131800224090436 0.5278974324541124 0.49749128174886725 0.6540271372109956 0.5074582839723529
2 0.8018962183761291 0.9990456385128537 0.7612578115245457 0.6446532564219711 0.6682404011121018 0.6553196238712923 0.7088788079636851 1.009712005962175
2 0.039578793981481536 0.44926399074074075 5.5018970823281426e-17 0.44926399074074075 7.770043817620138e-17 0.819680462962963 0.039578793981481564 0.819680462962963
2 0.17569795196503502 0.4455213769692317 0.09727860263426544 0.43913165448020347 0.08662104589475336 0.5699289882303588 0.16504039522552288 0.576318710719387