2 0.45738684736112356 0.7986194991266319 0.4515133991869633 0.7138488196850017 0.17498063444916542 0.7330087565032867 0.18085408262332572 0.8177794359449169
2 0.4136522837822956 0.402916928146104 0.3795573608243518 0.3418659801874608 0.26856704360091166 0.40385037914182953 0.3026619665588555 0.4649013271004727
2 0.36293803902829436 0.285878559599625 0.25350135550105274 0.2771995156209069 0.25027277500935274 0.31790966092939826 0.3597094585365944 0.32658870490811637
2 0.44833952584159803 0.48609820719570795 0.3258435210203175 0.4824686951168552 0.32333123524793583 0.5672583206643689 0.4458272400692163 0.5708878327432217
2 0.6830650206136382 0.2571086884141436 0.42066918888740534 0.16438708586123033 0.39612742525050604 0.2338386085294014 0.658523256976739 0.32656021108231464
2 0.20504002552647885 0.6060159975177749 0.05704687384617514 0.5901252637349083 0.05107224619769943 0.6457680042084505 0.19906539787800312 0.6616587379913172
2 0.2265527129629631 0.9194444444444444 0.15486111111111125 0.9194444444444444 0.15486111111111125 1 0.2265527129629631 1
2 0.3217864255653518 0.2097799908212265 0.19181928598570686 0.20168950753856596 0.18841985825591376 0.25629859364789975 0.3183869978355588 0.2643890769305603
2 0.694043959290893 0.46202404050993306 0.686988398870154 0.37543301548201335 0.5837585823362474 0.38384432840436233 0.5908141427569865 0.47043535343228204
0 0.815063477337696 0.514428198103162 0.7594433696861794 0.15698681972729547 0.6557670758649371 0.17311949762107876 0.7113871835164537 0.5305608759969453
2 0.788889813169336 0.6232899240953819 0.471608140528146 0.5097483549676126 0.437502278747699 0.6050541091129717 0.754783951388889 0.7185956782407409