2 0.3623437500000001 0.7776562499999999 0.3454687500000001 0.72703125 0.21656250000000002 0.77 0.23343749999999996 0.8206249999999999
2 0.6460261824324325 0.5994383445945944 0.6403116554054052 0.35371368243243234 0.25727027027027016 0.3626216216216217 0.2629847972972973 0.608346283783784
2 0.30746778350515463 0.35960373711340204 0.30403994845360827 0.2841913659793815 0.2394007731958763 0.2871295103092784 0.24282860824742267 0.36254188144329896
2 0.16883131970260223 0.39333178438661714 0.1491844795539033 0.3528101765799257 0.0827474442379182 0.3850220724907064 0.10239428438661713 0.42554368029739786
2 0.7203125 0.3625000000000001 0.6375 0.3625000000000001 0.6375 0.49375000000000013 0.7203125 0.49375000000000013
2 0.20875538793103454 0.962095905172414 0.17642780172413802 0.8866648706896554 0.12645474137931037 0.9080818965517243 0.15878232758620692 0.9835129310344828
0 0.7416328924914674 0.6155983361774745 0.7277357081911261 0.49747226962457336 0.547146970989761 0.5187180034129694 0.5610441552901024 0.6368440699658705
0 0.550625 0.501875 0.52890625 0.43671875 0.42578125 0.47109375 0.4475 0.5362499999999999
0 0.16717830882352944 0.8451930147058825 0.16495404411764703 0.8162775735294118 0.11488970588235292 0.8201286764705883 0.11711397058823533 0.849044117647059
2 0.8032345576437696 0.25230947536566856 0.18388715061514838 0.21176656752051504 0.175574467971379 0.33875396715484657 0.7949218750000002 0.3792968750000001
2 0.5562500000000001 0.7328125 0.4187500000000001 0.7328125 0.4187500000000001 0.76875 0.5562500000000001 0.76875