2 0.3277377258223791 0.2157396815023852 0.20433342800858045 0.21455736441934675 0.20209282073467352 0.448420658183479 0.32549711854847224 0.44960297526651744
0 0.5740196649308303 0.1780774858607893 0.4957237035830719 0.12333148491855839 0.3610793058019582 0.3158955513877521 0.4393752671497167 0.370641552329983
2 0.5409330714992516 0.8720678512354709 0.4468299207217725 0.8047762015851151 0.4175097679773107 0.8457785959218129 0.5116129187547899 0.9130702455721688
2 0.3867251162523022 0.5193183419999647 0.3483447044733416 0.5175396415770346 0.3426918741249995 0.6395151882677822 0.38107228590396014 0.6412938886907124
2 0.2598350108395816 0.7591096385600904 0.25626189061627286 0.6449930646897114 0.2148136585978223 0.6462908561587555 0.21838677882113108 0.7604074300291345
2 0.6441424803240174 0.4532878104669758 0.6270910787089051 0.3786529660555885 0.5525815005973982 0.3956757487862515 0.5696329022125105 0.4703105931976388
2 0.6669461656128378 0.9711155228589613 0.655471754082275 0.8804273404273398 0.5135199247302799 0.89838793533428 0.5249943362608427 0.9890761177659014
2 0.635333968034688 0.7640565391570548 0.6155156835819241 0.6445751310964221 0.4595005728361888 0.6704532312450192 0.47931885728895274 0.789934639305652
2 0.8148504889929474 0.6510196036556672 0.7407115407082107 0.645527819185928 0.7290370278441903 0.8031334408639779 0.803175976128927 0.8086252253337171
2 0.02565522453703712 0.6422419097222223 8.003535770098126e-17 0.6422419097222223 9.272389540560757e-17 0.8494614560185185 0.02565522453703713 0.8494614560185185
2 0.42486983329725775 0.8182640991841362 0.41761653913738833 0.7133703224051892 0.3581848100653061 0.7174799638598764 0.36543810422517553 0.8223737406388236
0 0.2629616438213751 0.9200779558905278 0.20610489313192848 0.8081790356802323 0.14884137231315184 0.8372750959520772 0.20569812300259843 0.9491740161623726
0 0.7966003750043344 0.4177707992464627 0.7954362353677428 0.386339040921187 0.6832189686150912 0.39049523755469484 0.6843831082516829 0.4219269958799706