2 0.4821820911131952 0.19544289437702692 0.4099358158756232 0.18506423170297273 0.4037190818511887 0.22833915945747804 0.4759653570887607 0.23871782213153223
2 0.3184413828337893 0.6949202297965397 0.007258927494696727 0.6591645649305875 -0.020606620023372827 0.9016791295051698 0.29057583531571973 0.937434794371122
2 0.8796780062539065 0.6210764822490323 0.7478020350268856 0.6119794410593227 0.7462136225278638 0.6350059874549326 0.8780895937548847 0.6441030286446424
2 0.8011814780131851 0.7283410500556584 0.7952811558244482 0.6602671836094856 0.7506524960301844 0.6641353856873842 0.7565528182189212 0.732209252133557
2 0.22106384726921224 0.5388178665026493 0.15260633237093427 0.5205953625369206 0.13639597944972529 0.5814937154030844 0.20485349434800323 0.5997162193688129
2 0.3548132965149207 0.6536093628044883 0.31099105060083826 0.6338337698552762 0.2756955006454448 0.7120478731587959 0.31951774655952725 0.7318234661080081
2 0.5707166178856818 0.19270410123444182 0.5016918031995187 0.15741089390743693 0.42886969094018745 0.29983299675523384 0.49789450562635057 0.33512620408223875
2 0.47108911662376846 0.5693192281103661 0.4632000002313623 0.43456738761867253 0.22879464209969658 0.44829077088792274 0.23668375849210285 0.5830426113796163
2 0.724140571251636 0.0837769344782543 0.6629323010482133 0.06272220933500915 0.6253038726587995 0.17211195422694356 0.6865121428622222 0.19316667937018875
2 0.9466385809031261 0.7073554250809879 0.9126943828427344 0.6790815308578734 0.819330693091338 0.7911692238923727 0.8532748911517297 0.8194431181154873
0 0.5405561578660569 0.7466253762354292 0.42698795557429614 0.6777042157723893 0.33691338000475135 0.8261289891061515 0.45048158229651214 0.8950501495691916
0 0.41553444579763893 0.3229910813102072 0.4154762990026852 0.17568586863893282 0.29125303375810047 0.17573490413877474 0.2913111805530542 0.3230401168100491