2 0.2905806860937749 0.7919968326987892 0.27875173438351314 0.74209345382494 0.14142543286637096 0.7746448807193296 0.1532543845766328 0.8245482595931788
2 0.6102628593588394 0.6066342536259671 0.6044759846878001 0.3583557851478646 0.2016549150138687 0.3677447388470962 0.207441789684908 0.6160232073251988
2 0.27750670879506745 0.36401615581993557 0.2740353849472966 0.2879812674127918 0.21022351162765857 0.2908945573809346 0.2136948354754294 0.3669294457880784
2 0.1330470316073296 0.3973764769459916 0.11458027239748639 0.35751050536141177 0.043053701578976075 0.3906431221749486 0.06152046078881931 0.43050909375952845
2 0.6940024375233574 0.37384993716678844 0.6105676455846736 0.3641127267900148 0.5953620125674768 0.4944045432338689 0.6787968045061605 0.5041417536106425
2 0.11463512942858092 0.9225477613819469 0.04973097272155954 0.9098073266728962 0.0367591717446569 0.9758901427308989 0.10166332845167829 0.9886305774399495
0 0.69652286088494 0.6225630695574353 0.6827591026744555 0.5042457571146941 0.4979518329287271 0.5257442388144957 0.5117155911392116 0.644061551257237
0 0.5112829643809611 0.5068679130555659 0.4905088419842174 0.44254506812227595 0.37866335743297475 0.4786674098501698 0.39943747982971844 0.5429902547834597
0 0.08723922859266209 0.8557430540238331 0.08501962010625469 0.8266743930886865 0.03386540024276686 0.8305803982802523 0.036085008729174264 0.859649059215399
2 0.7749392558344456 0.2546945383918021 0.15519861055011738 0.21386853679950715 0.1466740283267829 0.343272100259557 0.7664146736111112 0.384098101851852
2 0.48887716898148165 0.7420886064814814 0.3484177222222224 0.7420886064814814 0.3484177222222224 0.778481011574074 0.48887716898148165 0.778481011574074