2 0.4142342295998837 0.2318417488948887 0.13754728852181525 0.20665782844480082 0.13010295748077694 0.2884460944218805 0.4067898985588454 0.3136300148719684
2 0.3961620453959029 0.6173050289435565 0.28256533636287895 0.5539845121012241 0.25073625941059713 0.6110857262675757 0.36433296844362106 0.674406243109908
2 0.3507541177212826 0.7291306411584101 0.3484604177560589 0.6891610772423957 0.24315736029575094 0.6952040158079046 0.2454510602609746 0.7351735797239191
2 0.43400457058603076 0.46746602489663724 0.3074095831359075 0.4387253252243874 0.2901933516693945 0.5145581557154976 0.4167883391195178 0.5432988553877475
2 0.6631646989021318 0.7653318057957319 0.6393772625422417 0.6953484803364453 0.3914454875825502 0.7796208592173154 0.41523292394244027 0.849604184676602
2 0.17216503317156692 0.4141072195738801 0.16800551943511516 0.359357216885368 0.027268626525641725 0.3700493997262161 0.03142814026209349 0.4247994024147282
2 0.2028473072128629 0.008705599425611776 0.14732442448523686 -0.037688383465127075 0.06373187558078297 0.06235259169011954 0.11925475830840905 0.10874657458085839
2 0.31381311913733334 0.8024714208964364 0.31166290149082354 0.7489627973399869 0.18819319663312453 0.7539243665329283 0.19034341427963428 0.8074329900893779
2 0.6630236724950179 0.5628753619209322 0.561683442645697 0.5621246903921189 0.5610796883694635 0.6436311746232785 0.6624199182187844 0.6443818461520918
0 0.7775363130214279 0.5123314048871583 0.6744939350122486 0.5038994109276087 0.6464372890424085 0.8467629771923542 0.7494796670515876 0.8551949711519038
2 0.7368097260910637 0.4117781761673484 0.7037037037037037 0.3157157175925927 0.4065534572270436 0.4181226605151533 0.43965947961440355 0.5141851190899089