2 0.5606604587673458 0.20645937073629245 0.49109509965670145 0.2037557181325885 0.4894559965060309 0.245930071131778 0.5590213556166752 0.24863372373548195
2 0.9894872199586303 0.8222141399940244 0.7771373723281543 0.6450878459813864 0.588880675647131 0.870781501903413 0.801230523277607 1.047907795916051
2 0.1923370039902719 0.5778976041333519 0.063936988425926 0.5760822523148148 0.0636115224684512 0.5991024920163996 0.19201153803279708 0.6009178438349367
2 0.18418463288853062 0.6287102837928624 0.13927534537287836 0.6257187878286602 0.1349430107749398 0.6907571707651776 0.17985229829059204 0.6937486667293798
2 0.7875531654676033 0.6117777257748787 0.7770356751066138 0.5513405775327564 0.7093863902145551 0.5631131499071126 0.7199038805755449 0.6235502981492347
2 0.6427019782911272 0.7224814054999814 0.611453130191687 0.6437868333929196 0.568344905295619 0.660904689625508 0.5995937533950593 0.7395992617325697
2 0.5436499714050859 0.2952282817888892 0.46419832798691635 0.16004674716565112 0.39988938778152816 0.1978437066397342 0.4793410311996976 0.3330252412629723
2 0.709128532996997 0.4675423947571436 0.4842926808198733 0.4376061112844376 0.466663727142144 0.5700080116985985 0.6914995793192676 0.5999442951713044
2 0.35814690072272903 0.16427179979765208 0.32181106406016907 0.054934222897762695 0.26370129557834465 0.07424567204381455 0.30003713224090456 0.18358324894370398
2 0.10650473685153267 0.7471429644788429 0.03818901115353501 0.6244610273877874 -0.0007502250166499175 0.6461444327868846 0.06756550068134774 0.7688263698779402
0 0.5650423782724041 0.8386158283745888 0.5584869000427616 0.6911176446881702 0.41012435940126807 0.6977115388024019 0.41667983763091054 0.8452097224888206
0 0.6746380653136326 0.20374239673538116 0.5493916367143485 0.19817589019835788 0.5431969257735154 0.3375569214401108 0.6684433543727996 0.34312342797713413