2 0.4531612385423959 0.5888062751803314 0.16246972654581 0.3701377035344739 0.03139264214270669 0.5443876909307038 0.32208415413929264 0.7630562625765612
2 0.41367965777657895 0.8417268088222349 0.21568572917765302 0.8303489370812033 0.2121253343641166 0.892305739947343 0.4101192629630425 0.9036836116883746
2 0.15080754417775216 0.7354879304831178 0.031463618055555635 0.7243301180555555 0.02749439900645481 0.7667848723395188 0.14683832512865136 0.7779426847670811
2 0.7412978108781537 0.8983611968974455 0.7386043502404988 0.8312059050758132 0.6848163541922427 0.8333632309723206 0.6875098148298977 0.9005185227939528
2 0.30382934203506345 0.0024663289633956235 0.2602500157110655 -0.004253650794471824 0.18646458737696653 0.4742476803387191 0.23004391370096453 0.48096766009658654
2 0.8583015873025209 0.38286220743964905 0.8201355633144612 0.29609957069824244 0.6454295437535272 0.372951017171617 0.683595567741587 0.45971365391302355
2 0.41887643893738324 0.00009784071584719147 0.3722887569810149 -0.0023186122630862766 0.3693490310037706 0.05435744146554132 0.4159367129601389 0.05677389444447479
2 0.47103222666305344 0.4134009825179991 0.36793362887606595 0.4095359084899866 0.35996484130638795 0.6220986740519812 0.46306343909337544 0.6259637480799937
2 0.8700963359397227 0.31846205055409105 0.82458541784631 0.31559584080642267 0.8177356073186404 0.42436009510908396 0.863246525412053 0.42722630485675234
0 0.5367331523251109 0.40607383413380105 0.4730290873786835 0.4004216580996833 0.43950557702323495 0.7782555875500141 0.5032096419696623 0.783907763584132
0 0.733825198671336 0.8480695124502857 0.7328437516474315 0.7843207737361345 0.31417061104364036 0.7907664778570721 0.315152058067545 0.8545152165712233