0 0.3565770590682196 0.4816176164725458 0.3329141534941764 0.27916831322795344 0.23994722337770383 0.2900345777870217 0.26361012895174707 0.492483881031614
0 0.7283937445980987 0.4018001836646499 0.5533154170267934 0.3966508210890234 0.5408802398444256 0.8194468452895421 0.7159585674157307 0.8245962078651686
0 0.5738184012875537 0.2139122854077254 0.3810635729613735 0.19690450643776827 0.3729519849785408 0.2888358369098713 0.5657068133047211 0.3058436158798284
2 0.21822184607473433 0.4636671880356531 0.2148333047651698 0.2806859573191636 0.08166138155639358 0.283152104045252 0.08504992286595812 0.4661333347617415
2 0.21012311378466558 0.9011839824632953 0.2061352977161501 0.7616104200652528 0.16474051794453506 0.7627931280587276 0.16872833401305054 0.9023666904567702
2 0.98125 1.0964415873616145e-16 0.7953125 9.825877052533841e-17 0.7953125 0.1453125000000001 0.98125 0.14531250000000012
2 0.9984375 0.5828125000000002 0.5593750000000002 0.5828125000000002 0.5593750000000002 0.9984375 0.9984375 0.9984375
2 0.3937500000000001 0.6875 0.3187500000000001 0.6875 0.3187500000000001 0.7671875 0.3937500000000001 0.7671875
2 0.8943125000000002 0.24137500000000017 0.7713750000000003 0.22381250000000016 0.7560937500000002 0.3307812500000002 0.8790312500000002 0.3483437500000002
2 0.42475961538461543 0.19098557692307694 0.40540865384615393 0.09423076923076923 0.1971754807692308 0.1358774038461538 0.21652644230769233 0.2326322115384615
2 0.3351240335051547 0.9360099871134021 0.28333601804123715 0.8013611469072166 0.19444265463917526 0.8355509020618557 0.24623067010309277 0.9701997422680414
2 0.54107295221843 0.1772450938566553 0.5301941126279862 0.08477495733788395 0.4664622440273037 0.09227282423208188 0.47734108361774746 0.18474296075085322
2 0.23906250000000007 0.425 0.19218750000000007 0.425 0.19218750000000007 0.5453125 0.23906250000000007 0.5453125
0 0.42847129346580043 0.9981652416889567 0.4197040982040504 0.8863835021016432 0.3573426155903706 0.8912745987772259 0.36610981085212063 1.0030563383645394
0 0.9984374999999999 0.5819796875000001 0.9903123383337039 0.36245397203303154 0.7546875000000001 0.371175 0.762812661666296 0.5907007154669685