2 0.8140625 0.4421875000000001 0.7734375 0.4421875000000001 0.7734375 0.5093750000000001 0.8140625 0.5093750000000001
2 0.40843593719793037 0.21498327066160436 0.23296377293316312 0.027432006921489727 0.018324989238136344 0.2282471395900305 0.19379715350290358 0.41579840333014517
2 0.43906250000000013 0.79375 0.4171875000000001 0.79375 0.4171875000000001 0.9171875 0.43906250000000013 0.9171875
2 0.3978659815436241 0.8415530620805369 0.3906145134228188 0.8004614093959731 0.32732802013422824 0.8116296140939597 0.3345794882550336 0.8527212667785236
2 0.4907487623762376 0.22688737623762384 0.4333539603960396 0.22114789603960397 0.42660891089108904 0.2885983910891089 0.48400371287128713 0.29433787128712874
2 0.384375 0.36875 0.3171875 0.36875 0.3171875 0.421875 0.384375 0.421875
2 0.8541439185393257 0.5345542696629212 0.7273897261235953 0.457093374297753 0.6893413132022472 0.5193544136235958 0.8160955056179775 0.5968153089887641
2 0.587783601378518 0.5167324813325676 0.5842367892016084 0.30747056289488806 0.44955619974152783 0.30975328475014363 0.45310301191843755 0.519015203187823
2 0.9487546493092457 0.6723615170031884 0.8457541843783212 0.6368441153028693 0.8263267136025507 0.6931837805526037 0.9293271785334752 0.7287011822529226
2 0.3891896887958348 0.9412351019175058 0.2744927232355754 0.874873852317299 0.25266880995596275 0.9125937060708367 0.3673657755162221 0.9789549556710436
0 0.34637488346799256 0.4431265537600995 0.20610919049098822 0.4326066267868242 0.19548147141081423 0.5743095478558112 0.33574716438781854 0.5848294748290864
0 0.8308219313508383 0.44708063112938945 0.820505773489402 0.3315396630813034 0.6816573078139828 0.3439368475166087 0.6919734656754192 0.4594778155646947