2 0.6663788245731823 0.40403408545942837 0.5328490672357568 0.3050378860540956 0.473162646268943 0.3855451515442165 0.6066924036063687 0.48454135094954925
2 0.43142160404624275 0.543415823699422 0.325632225433526 0.5271405346820809 0.2877167630057804 0.7735910404624278 0.3935061416184972 0.7898663294797688
2 0.5754447992700733 0.6398950729927004 0.5384466240875911 0.5381500912408759 0.48600593065693426 0.5572194343065695 0.5230041058394164 0.6589644160583942
2 0.8139572388751544 0.2344957122991347 0.7911908992583434 0.20183096415327567 0.7166196693448702 0.2538048516687269 0.739386008961681 0.2864695998145859
2 0.7708496806569344 0.3457493156934308 0.7500878193430658 0.3451881843065695 0.7476859032846717 0.43405907846715336 0.7684477645985403 0.43462020985401467
2 0.4601470588235294 0.9365992647058824 0.45537683823529407 0.8745863970588235 0.37257352941176464 0.8809558823529413 0.37734375 0.9429687500000001
0 0.9718362831858408 0.5772317477876107 0.8512389380530976 0.5457715707964602 0.833816371681416 0.6125580752212391 0.9544137168141593 0.6440182522123896
0 0.6758413461538461 0.6082932692307692 0.6562259615384615 0.4513701923076923 0.5369951923076922 0.46627403846153853 0.5566105769230768 0.6231971153846153
0 0.438948629265937 0.7333509288473924 0.25743339504185453 0.7041415808113329 0.22612946716033483 0.8986731326464906 0.4076447013844173 0.92788248068255
0 0.5552166136724962 0.507310711446741 0.4432382750397457 0.463198032591415 0.41987405604133554 0.5225072038950715 0.531852394674086 0.5666198827503975
0 0.49615213523131674 0.5116881672597864 0.4880782918149466 0.46189946619217076 0.36661032028469753 0.4815969750889679 0.37468416370106766 0.5313856761565836