2 0.5471415393950819 0.6165037467945811 0.45166468938737325 0.47098101978474954 0.34682323288395717 0.5397670590711773 0.4423000828916659 0.6852897860810089
2 0.8680135546972368 0.346685574999653 0.8403522540754778 0.23061531229287274 0.5699510376995272 0.2950560153656296 0.5976123383212864 0.4111262780724099
2 0.7291875508347607 0.4866585373390739 0.6108911509390355 0.4749623451118789 0.6048207810532864 0.5363586431181534 0.7231171809490116 0.5480548353453484
2 0.33999808036981044 0.7765715683912517 0.30164276657566264 0.7542329391781796 0.250645309452979 0.8417953160808541 0.2890006232471269 0.8641339452939263
2 0.5072034841572558 0.7955071307151788 0.5048070401248621 0.7725577746574184 0.406201415833836 0.7828544844778574 0.40859785986622976 0.8058038405356177
2 1 0.3173564861111113 0.9677211944444445 0.3173564861111113 0.9677211944444445 0.40770318981481496 1 0.40770318981481496
0 0.7421957685393374 0.9461640210888386 0.7346983405096884 0.854150131634053 0.6538451640338898 0.8607381682357846 0.6613425920635388 0.9527520576905703
0 0.6989166935169729 0.6667520263664805 0.6965135652575001 0.5359258305042415 0.5151347997659818 0.5392575519087219 0.5175379280254546 0.6700837477709608
0 1.0226448688847047 0.3498998129611002 0.9737565591784896 0.15086068730208252 0.7604444925864594 0.20325473968296665 0.8093328022926746 0.4022938653419843
0 0.6343764527419535 0.5193064328438217 0.5723212908713342 0.4000584599211059 0.5089122477954148 0.4330557372390811 0.5709674096660341 0.5523037101617969
0 0.5791087827742158 0.34917382399397 0.5230570390192202 0.3447105056003924 0.5121680175792465 0.48145823132264903 0.5682197613342421 0.48592154971622664