2 0.6950133480143559 0.4224459093315022 0.5950584874024942 0.29354632039403966 0.5122756374647216 0.3577400722499686 0.6122304980765833 0.4866396611874312
2 0.4751969460604194 0.6440744088171575 0.4521737633896192 0.5395548013656338 0.2004589890500466 0.5950015770650843 0.22348217172084686 0.6995211845166079
2 0.4534631560130126 0.4228760883212892 0.34820386640954987 0.4129076503126349 0.3427490324835675 0.47050663858494973 0.44800832208703023 0.48047507659360406
2 0.7990519261879717 0.15021180586401173 0.763658329569528 0.13259655889860056 0.7214211321522404 0.21746203541541875 0.7568147287706841 0.2350772823808299
2 0.6543708336190549 0.20428230641918807 0.6526691518973569 0.18339803302032895 0.562741152695907 0.1907255004206718 0.564442834417605 0.21160977381953092
2 0.11597003973621549 0.5352597048930529 0.051371479171216254 0.5341186500349787 0.049877317696202406 0.6187076422771919 0.11447587826120165 0.6198486971352659
0 0.4510579937493547 0.11608290093123959 0.4190067249212807 -0.004880967723210615 0.35023350376788753 0.013341572807935765 0.3822847725959615 0.13430544146238596
0 0.5480124648816932 0.4199061410843673 0.5411699475515152 0.3044386082589993 0.36739188556488006 0.3147365627718635 0.3742344028950581 0.43020409559723155
0 0.2930143856230099 0.7245965885261667 0.25042425164910526 0.5453331069222745 0.050452342560254736 0.5928432318116861 0.0930424765341594 0.7721067134155781
0 0.5348854237641354 0.5245018584268542 0.4902582975098138 0.4138621861472508 0.4289659002724979 0.4385848149618698 0.47359302652681956 0.5492244872414731
0 0.5357023849365532 0.4794371767429855 0.48546402678199674 0.47114600613162283 0.4649435072038845 0.5954851688874789 0.5151818653584409 0.6037763394988416