0 0.505099988425926 0.3802508587962963 0.5484989699074074 0.36262200925925925 0.58191775 0.3473737430555556 0.5948534861111111 0.32971786574074075 0.5684361851851852 0.3204270601851852 0.513394863425926 0.3590107685185185 0.4813749837962963 0.36569636805555555 0.47322210416666666 0.37735179166666666 0.4297834583333333 0.40067447685185187 0.4131700393518518 0.44475209953703704 0.4002011597222222 0.4582889606481481 0.40137262037037036 0.48694828935185186 0.38013253009259257 0.5201277962962964 0.38438054629629625 0.5565850185185185 0.40195243287037036 0.5555437222222223 0.40214175925925927 0.5427641712962963 0.4200212986111111 0.5209561018518518 0.42187906712962964 0.503289550925926 0.4314400671296297 0.5043190162037037 0.4477221620370371 0.4826056087962963 0.4879659189814815 0.45947225231481476 0.4929475810185185 0.4464087083333333 0.5202461226851852 0.4352147662037037 0.5205064490740741 0.4176428819444445 0.48696012499999997 0.41963081249999995 0.4723144722222222 0.4129765578703704 0.48748077314814814 0.38448704166666664 0.505099988425926 0.3802508587962963
0 0.6563128611111111 0.40799905324074076 0.6482073125 0.41645959027777774 0.6477103287037037 0.45000591666666667 0.6588924374999999 0.44934327314814815 0.6721453078703704 0.4166370833333333 0.6690450833333332 0.41043663425925925 0.6563128611111111 0.40799905324074076
0 0.33811383333333334 0.44760383333333337 0.4027452384259259 0.3942965324074074 0.4368832106481481 0.3523725 0.4578156435185185 0.3399597685185185 0.4725002962962963 0.318341025462963 0.4662998472222222 0.305940125 0.45187551620370375 0.3099869837962963 0.4360194074074074 0.3029463958333333 0.41341853009259255 0.320246125 0.39424920138888886 0.3213820856481482 0.36354277777777777 0.3471423518518519 0.3082830439814815 0.41425866666666666 0.2824872800925926 0.43174772222222224 0.27428706712962964 0.44659803703703704 0.28032185416666666 0.4701810439814815 0.2994911851851852 0.46904508333333333 0.33811383333333334 0.44760383333333337
0 0.1823689513888889 0.4025677430555556 0.20954916435185186 0.39936102083333336 0.24988758564814814 0.3698378888888889 0.3754111944444445 0.30015382870370366 0.5244231435185185 0.2609986990740741 0.5203644537037038 0.21176192129629628 0.5112531064814815 0.18038102083333332 0.48128032407407406 0.15662051851851852 0.47169565740740743 0.15718849768518517 0.4715773263888889 0.16517571759259259 0.45705833564814813 0.17561235416666665 0.4553425625 0.18369423842592594 0.3857768310185185 0.24687019212962966 0.37461838888888893 0.2459353912037037 0.3376405162037037 0.26408709027777777 0.2768903078703704 0.27087918518518517 0.23669388194444443 0.2908176550925926 0.1751627037037037 0.3503254050925926 0.1620518287037037 0.3734469282407407 0.16183883564814816 0.38782392592592596 0.1823689513888889 0.4025677430555556
0 0.346527037037037 0.20291089814814817 0.3880605833333333 0.2004496527777778 0.40753756944444447 0.17854691898148148 0.4146136550925926 0.13184238657407407 0.4210507615740741 0.1282688425925926 0.39713643518518515 0.1264939074074074 0.3857886643518519 0.13833865972222223 0.33939178703703704 0.14587622685185184 0.3037037037037037 0.18470003703703702 0.303490712962963 0.1990770324074074 0.2922376064814815 0.20453200925925927 0.28725594675925925 0.21759555092592592 0.28866406250000004 0.2302804398148148 0.2949828425925926 0.23469412037037038 0.30943083564814816 0.22904981712962963 0.32197373148148145 0.2442669513888889 0.33954561574074077 0.24322565509259259 0.3399479351851852 0.21606910416666666 0.346527037037037 0.20291089814814817
0 0.09898236805555555 0.32132292129629625 0.09707726851851851 0.34218435879629633 0.11453082407407408 0.3491302800925926 0.14497692592592593 0.34094190046296297 0.17873624305555555 0.32457697453703704 0.1982605625 0.29947935185185187 0.176204 0.28003786574074074 0.13936812268518517 0.28860489814814816 0.09898236805555555 0.32132292129629625
0 0.4325050300925926 0.6478996550925926 0.4320080486111111 0.6814459814814815 0.44433794675925925 0.711040113425926 0.49663944907407404 0.6281386828703703 0.5018341018518518 0.6006981412037037 0.4940835416666666 0.5851970185185186 0.48161164351851854 0.565187550925926 0.4767719791666667 0.5686664305555555 0.4733877662037037 0.5816353078703704 0.46213465972222223 0.5870902847222222 0.44571056712962964 0.6183883564814815 0.4372736944444444 0.6492131111111111 0.4325050300925926 0.6478996550925926
0 0.523796 0.19559815277777778 0.5448704282407407 0.17360075694444443 0.5640160949074075 0.17406224074074075 0.5962016319444444 0.15619453472222222 0.6563246967592592 0.08400189351851851 0.653437462962963 0.06342444675925926 0.6407052407407408 0.06098686342592593 0.6357709143518518 0.07085552083333334 0.5814104837962963 0.07726896064814816 0.5362797291666667 0.10707608564814815 0.5281741805555555 0.11553662268518519 0.5263400787037037 0.13160572685185185 0.5134658611111111 0.13875281018518518 0.5087208611111111 0.13584191203703705 0.49720743055555555 0.15886877314814815 0.5078688912037037 0.19334990046296296 0.523796 0.19559815277777778
0 0.4641344212962963 0.12890782175925924 0.4754111944444444 0.12185540277777777 0.4885220694444445 0.09873387731481482 0.4870429537037037 0.09084131944444446 0.5049224930555556 0.06903325 0.5086380300925926 0.033700155092592596 0.4894213703703704 0.038031002314814814 0.4521121759259259 0.07854691898148147 0.4372855277777778 0.10975032638888889 0.4401964282407408 0.12873032638888887 0.4641344212962963 0.12890782175925924
0 0.5931132407407408 0.4723937986111111 0.5543249328703703 0.5050171574074075 0.5573068287037037 0.5192048287037037 0.5844870416666667 0.5159981064814815 0.6102354768518519 0.5017039398148148 0.6251331203703704 0.4657082013888889 0.5931132407407408 0.4723937986111111
0 0.549272275462963 0.5228730347222222 0.5479114907407407 0.5069932546296296 0.530126611111111 0.5224115486111112 0.5316057268518518 0.5303041064814815 0.549272275462963 0.5228730347222222