0 0.5140625 0.440625 0.48125 0.440625 0.48125 0.4578125 0.5078125 0.4671875 0.5125000000000001 0.4796875 0.5515625000000001 0.5 0.5671875000000001 0.5203125000000001 0.5765625 0.5187499999999999 0.578125 0.5359375000000001 0.5953125 0.55625 0.5953125 0.56875 0.6125 0.56875 0.6171875 0.5328125 0.596875 0.5015625 0.5984375 0.4734375 0.5859375 0.4609375 0.5703125 0.41875 0.5281250000000001 0.3984375 0.5203125000000001 0.3875 0.4890625 0.3828125 0.4357375 0.3482328125 0.40974062499999997 0.35886093750000003 0.4221484375 0.37539531249999997 0.45464375 0.388384375 0.496875 0.403125 0.5140625 0.40625 0.528496875 0.4332609375 0.5140625 0.440625
0 0.3453125 0.4796875 0.35625 0.4796875 0.35625 0.446875 0.3484375 0.4390625 0.3359375 0.4421875 0.3328125 0.4484375 0.3453125 0.4796875
0 0.721875 0.4546875 0.7140625 0.440625 0.6890625 0.425 0.6359375 0.3625 0.60625 0.3390625 0.5875 0.3390625 0.5656249999999999 0.3234375 0.5499999999999999 0.33125 0.5359375000000001 0.328125 0.5296875 0.340625 0.5437500000000001 0.3609375 0.5640625 0.371875 0.596875 0.4109375 0.659375 0.459375 0.696875 0.478125 0.715625 0.478125 0.721875 0.4546875
0 0.8203125 0.3546875 0.7609375 0.3 0.721875 0.28281249999999997 0.6625 0.27968750000000003 0.6265625 0.26406250000000003 0.615625 0.265625 0.5484375 0.2078125 0.546875 0.2 0.5328125 0.190625 0.5328125 0.1828125 0.5234375 0.1828125 0.49375 0.2078125 0.484375 0.2390625 0.4796875 0.28750000000000003 0.625 0.3171875 0.746875 0.378125 0.7859375 0.4046875 0.8125 0.40625 0.8328125 0.390625 0.8328125 0.3765625 0.8203125 0.3546875
0 0.678125 0.25937499999999997 0.690625 0.24375 0.7046875 0.2484375 0.7109375 0.24375 0.7125 0.23125 0.7078125 0.21875 0.696875 0.2140625 0.696875 0.2 0.6625 0.1640625 0.6171875 0.159375 0.60625 0.1484375 0.5828125000000001 0.1515625 0.5890624999999999 0.1546875 0.5953125 0.2 0.6140625 0.2203125 0.6546875 0.2203125 0.6609375 0.2328125 0.6609375 0.25937499999999997 0.678125 0.25937499999999997
0 0.7984375 0.30625 0.8171875 0.3296875 0.85 0.34375 0.8796875 0.35 0.896875 0.3421875 0.8953125 0.321875 0.85625 0.2921875 0.8203125 0.2859375 0.7984375 0.30625
0 0.5359375000000001 0.603125 0.525 0.5984375 0.521875 0.5859375 0.5171875 0.5828125000000001 0.5046875000000001 0.603125 0.496875 0.61875 0.5015625 0.6453125 0.5515625000000001 0.7234375 0.5640625 0.69375 0.5640625 0.6609375 0.5593750000000001 0.6625 0.5515625000000001 0.6328125 0.5359375000000001 0.603125
0 0.496875 0.1640625 0.4921875 0.1671875 0.4796875 0.1609375 0.478125 0.14531249999999998 0.4703125 0.13749999999999998 0.4265625 0.1109375 0.3734375 0.1078125 0.36875 0.0984375 0.35625 0.1015625 0.353125 0.121875 0.4109375 0.1890625 0.4421875 0.2046875 0.4609375 0.203125 0.48125 0.2234375 0.496875 0.2203125 0.5078125 0.1859375 0.496875 0.1640625
0 0.553125 0.1046875 0.5171875 0.0671875 0.4984375 0.06406250000000001 0.5015625 0.0984375 0.5187499999999999 0.11875 0.5171875 0.1265625 0.5296875 0.1484375 0.540625 0.1546875 0.5640625 0.153125 0.5671875000000001 0.134375 0.553125 0.1046875
0 0.4171875 0.540625 0.44375 0.5421874999999999 0.446875 0.5281250000000001 0.409375 0.4984375 0.378125 0.49375 0.3921875 0.5281250000000001 0.4171875 0.540625
0 0.453125 0.5296875 0.4515625 0.5453125 0.46875 0.5515625000000001 0.4703125 0.5437500000000001 0.453125 0.5296875