0 0.4622298055555556 0.3985210462962963 0.5094259398148148 0.3786639097222222 0.5458614328703704 0.36158614583333337 0.5606164976851852 0.34242395370370365 0.532997837962963 0.3331299074074074 0.47224118287037037 0.37564151157407405 0.4377701944444445 0.3835419027777778 0.42844141203703706 0.39618253009259263 0.38088737268518513 0.42212109722222224 0.36075085185185185 0.469586650462963 0.34618884953703705 0.48435090277777776 0.3458475555555556 0.5149285810185186 0.3213879398148148 0.5508658819444444 0.3238907847222222 0.5896978912037038 0.34266211574074074 0.588168375 0.3435722407407407 0.5745164976851852 0.363822525462963 0.5508026805555555 0.3667804328703704 0.531892300925926 0.37690557407407405 0.5327645046296297 0.39544937268518515 0.5091897337962963 0.43959044444444445 0.4835292638888889 0.44562002314814814 0.4694602453703704 0.47531285648148147 0.4568575416666667 0.47656427777777777 0.4380862106481481 0.44072809953703707 0.44100619444444444 0.42549977314814813 0.4342480486111111 0.44323094444444444 0.4034635324074074 0.4622298055555556 0.3985210462962963
0 0.621729238425926 0.4245607384259259 0.612627986111111 0.43378839583333334 0.6102389074074074 0.46962457407407404 0.6221843009259259 0.46865124537037034 0.6381114907407408 0.4334091759259259 0.6351535833333334 0.42686133333333337 0.621729238425926 0.4245607384259259
0 0.2806598402777778 0.47441537037037035 0.35244596064814815 0.4159524722222222 0.3911262777777778 0.37037037037037035 0.4141069398148148 0.35661736805555555 0.4309442569444445 0.3331816458333333 0.42502844212962965 0.3200859560185185 0.40944254861111107 0.3247503472222222 0.3929465300925926 0.31760839351851855 0.367918087962963 0.3366198958333333 0.3474402731481482 0.3382884583333333 0.3133105810185185 0.36652761805555556 0.25073947685185183 0.43951459953703703 0.22229806481481482 0.45880419675925926 0.21274175231481482 0.4748577939814815 0.21786120601851852 0.49989887499999996 0.23833902083333333 0.4982303125 0.2806598402777778 0.47441537037037035
0 0.11729237731481482 0.43002149074074075 0.14641638425925926 0.4259512060185185 0.19101251388888887 0.39346479629629627 0.3285551759259259 0.3160662384259259 0.4894197939814815 0.2707116666666667 0.4878270763888889 0.21822778472222223 0.4798634814814815 0.18493237268518517 0.4492605231481481 0.16027050925925923 0.4390216157407408 0.16110478935185185 0.43845278703703705 0.16963721296296297 0.42241183101851854 0.18112754398148148 0.4201365185185185 0.18979901388888887 0.342548349537037 0.25891796296296293 0.33071672453703704 0.25818480555555556 0.29032991898148147 0.2784477314814815 0.22525597453703702 0.2871444837962963 0.18134243287037038 0.30939198611111113 0.11251422222222222 0.3744027314814815 0.097269625 0.3994058912037037 0.09624573379629629 0.4147642523148148 0.11729237731481482 0.43002149074074075
0 0.30318543750000004 0.21290608101851852 0.34755403935185186 0.20929086111111112 0.3695108078703704 0.1854379976851852 0.3796359513888889 0.13539375694444444 0.38668941898148146 0.13142459953703703 0.36131968287037036 0.13009733101851853 0.34857792824074074 0.14301605324074074 0.29874857638888885 0.15216786805555557 0.25858930555555554 0.19447604629629628 0.2575654143518519 0.20983440972222223 0.24527872685185184 0.21592718981481482 0.23924914814814816 0.22999620833333334 0.24004550694444443 0.24350903935185184 0.24653014814814814 0.24807230555555557 0.26222980787037037 0.24170142824074076 0.2747440277777778 0.25765389814814815 0.2935153587962963 0.25612438425925926 0.295449375 0.22711414583333334 0.30318543750000004 0.21290608101851852
0 0.03299203703703704 0.34524080324074075 0.029806599537037036 0.36756415277777776 0.04800910185185185 0.37456705787037037 0.08088737268518519 0.3650992291666667 0.11774743981481482 0.34682088194444444 0.13993174074074075 0.31955504861111106 0.11751990972222222 0.2993174050925926 0.07781569907407408 0.3093414236111111 0.03299203703703704 0.34524080324074075
0 0.37007963425925927 0.6860700277777778 0.3676905555555556 0.7219062060185185 0.37918088657407406 0.7532170393518519 0.43947667824074077 0.6634433055555555 0.4465301481481482 0.6340159259259259 0.4391353796296296 0.6176463171296297 0.4269624560185185 0.5965743912037037 0.42161547222222223 0.6004045 0.4172923796296296 0.6143344722222223 0.4050056875 0.6204272546296296 0.3857792939814815 0.6542409305555557 0.37508532638888886 0.6873593726851852 0.37007963425925927 0.6860700277777778
0 0.49237770138888887 0.2008848449074074 0.5160409560185185 0.1768929328703704 0.5364050069444445 0.17693085416666665 0.5716723541666666 0.15708507175925923 0.6397042106481481 0.07856149537037037 0.6377701944444445 0.05665528935185185 0.6243458472222222 0.054354696759259254 0.6185437986111111 0.06501074537037037 0.5602957916666667 0.07315131018518518 0.5105802037037037 0.1060548611111111 0.5014789537037037 0.11528251851851852 0.49863481249999997 0.13248640972222223 0.4845278726851852 0.14042472685185187 0.4796359490740741 0.13742889583333334 0.4660978402777778 0.16229300925925927 0.4755403865740741 0.19886234259259258 0.49237770138888887 0.2008848449074074
0 0.43253697453703704 0.13108330324074075 0.44493743055555557 0.12328403472222221 0.46018202314814816 0.098280875 0.45904436805555554 0.08988749768518518 0.47929465277777783 0.06617368287037037 0.48521046759259256 0.02835292824074074 0.46450511805555555 0.03343445833333333 0.4225255972222222 0.07758816898148149 0.40500568981481483 0.1112627986111111 0.4070534699074074 0.13146251851851853 0.43253697453703704 0.13108330324074075
0 0.5508532430555556 0.4948299837962963 0.5077360648148148 0.5305903171296296 0.5101251435185186 0.5456705833333333 0.5392491481481482 0.5416003032407407 0.5674630277777778 0.525723675925926 0.5853242314814815 0.4869295925925926 0.5508532430555556 0.4948299837962963
0 0.5013651875 0.5497787893518519 0.5007963587962964 0.5328529884259259 0.4810011365740741 0.5497408680555556 0.4821387939814815 0.5581342453703704 0.5013651875 0.5497787893518519