0 0.246875 0.6734375 0.2484375 0.6578125 0.2734375 0.65625 0.2859375 0.64375 0.29531250000000003 0.6265625 0.2984375 0.596875 0.28281249999999997 0.5671875000000001 0.2265625 0.5671875000000001 0.2171875 0.578125 0.215625 0.60234375 0.20625 0.625 0.2 0.625 0.2 0.6421875 0.2140625 0.65625 0.215625 0.6734375 0.2359375 0.68125 0.246875 0.6734375
0 0.2546875 0.684375 0.296875 0.6296875 0.2984375 0.596875 0.2859375 0.5734374999999999 0.2765625 0.56875 0.228125 0.56875 0.1984375 0.6046875 0.175 0.5796875 0.15625 0.5765625 0.13749999999999998 0.5906250000000001 0.13593750000000002 0.615625 0.14531249999999998 0.653125 0.1625 0.65625 0.16875 0.6640625 0.165625 0.6765625 0.1890625 0.6953125 0.2046875 0.696875 0.2546875 0.684375
2 0.446875 0.5578124999999999 0.45 0.6203125 0.465625 0.6421875 0.478125 0.6421875 0.4875 0.6265625 0.4875 0.5828125000000001 0.478125 0.5437500000000001 0.4609375 0.5437500000000001 0.446875 0.5578124999999999
2 0.5359375000000001 0.5015625 0.5187499999999999 0.525 0.5 0.5359375000000001 0.496875 0.5421874999999999 0.509375 0.5750000000000001 0.521875 0.5921875 0.5578124999999999 0.6109375 0.5953125 0.60625 0.6 0.525 0.5921875 0.5015625 0.5359375000000001 0.5015625
2 0.728125 0.48125 0.6850234374999999 0.5013859375 0.65 0.475 0.6265625 0.48125 0.6265625 0.5031249999999999 0.6484375 0.525 0.678125 0.5375 0.7359375 0.5265624999999999 0.746875 0.5187499999999999 0.753125 0.496875 0.7515625 0.4890625 0.728125 0.48125
2 0.18125 0.4953125 0.1765625 0.50625 0.1828125 0.540625 0.2125 0.553125 0.28125 0.5421874999999999 0.3046875 0.5046875000000001 0.29375 0.4859375 0.25937499999999997 0.4828125 0.18125 0.4953125
2 0.4640625 0.44375 0.453125 0.4578125 0.453125 0.471875 0.4609375 0.484375 0.49375 0.4875 0.5390625 0.465625 0.5484375 0.440625 0.5281250000000001 0.43125 0.496875 0.4328125 0.4640625 0.44375
0 0.5046875000000001 0.1734375 0.5625 0.1765625 0.5703125 0.1828125 0.5984375 0.184375 0.6265625 0.1765625 0.6296875 0.1609375 0.621875 0.1328125 0.63125 0.1140625 0.63125 0.0984375 0.6125 0.0671875 0.5828125000000001 0.04375 0.525 0.0328125 0.3765625 0.0328125 0.3765625 0.04375 0.3984375 0.065625 0.4125 0.090625 0.4578125 0.1328125 0.4546875 0.146875 0.4671875 0.15 0.4875 0.1671875 0.5046875000000001 0.1734375
0 0.1875 0.33125 0.2 0.3375 0.26718749999999997 0.3390625 0.2984375 0.3375 0.3296875 0.3265625 0.321875 0.3 0.2734375 0.28281249999999997 0.25156249999999997 0.2859375 0.2 0.278125 0.1140625 0.2765625 0.0515625 0.2890625 0.035937500000000004 0.3 0.034374999999999996 0.309375 0.0484375 0.3125 0.0546875 0.328125 0.0875 0.334375 0.1 0.33125 0.10625 0.3375 0.125 0.33125 0.1875 0.33125
0 0.1734375 0.1390625 0.184375 0.15 0.1828125 0.1578125 0.2 0.18125 0.2203125 0.1875 0.234375 0.215625 0.2609375 0.2265625 0.26718749999999997 0.253125 0.25937499999999997 0.26875 0.2625 0.28125 0.2375 0.3140625 0.2984375 0.3296875 0.3359375 0.3296875 0.3671875 0.3140625 0.40625 0.27968750000000003 0.428125 0.26875 0.4328125 0.2359375 0.4234375 0.23125 0.3765625 0.115625 0.38125 0.109375 0.33125 0.034374999999999996 0.2859375 0.025 0.1765625 0.0234375 0.13749999999999998 0.028125 0.134375 0.035937500000000004 0.11875 0.040625 0.1046875 0.0390625 0.1 0.04375 0.121875 0.0625 0.1140625 0.0890625 0.1265625 0.10625 0.1421875 0.121875 0.1578125 0.1234375 0.16875 0.1421875 0.1734375 0.1390625
0 0.7703125 0.815625 0.78125 0.7953125 0.8328125 0.7578125 0.8171875 0.7234375 0.8015625 0.70625 0.68125 0.703125 0.6375 0.721875 0.6375 0.75625 0.6546875 0.771875 0.659375 0.8015625 0.721875 0.8125 0.7234375 0.8171875 0.75625 0.8171875 0.765625 0.809375 0.7703125 0.815625
0 0.6078125 0.740625 0.609375 0.715625 0.5750000000000001 0.7234375 0.5484375 0.7484375 0.5703125 0.7796875 0.603125 0.7828125 0.60625 0.7875 0.6234375 0.7703125 0.5984375 0.759375 0.596875 0.7484375 0.6078125 0.740625
0 0.38828125 0.740625 0.4109375 0.75625 0.521875 0.7546875 0.5265624999999999 0.746875 0.5234375 0.7375 0.5078125 0.734375 0.50625 0.721875 0.490625 0.709375 0.4921875 0.6765625 0.4859375 0.671875 0.4828125 0.64375 0.459375 0.6375 0.45 0.59375 0.4375 0.5953125 0.4125 0.584375 0.4265625 0.5390625 0.45 0.5359375000000001 0.4421875 0.5281250000000001 0.4578125 0.50625 0.4671875 0.5031249999999999 0.453125 0.5 0.45 0.49375 0.4546875 0.4859375 0.45 0.4828125 0.453125 0.4578125 0.4640625 0.4390625 0.4390625 0.4375 0.409375 0.45 0.4109375 0.48125 0.4171875 0.490625 0.36875 0.5296875 0.321875 0.6265625 0.3171875 0.6453125 0.3171875 0.6625 0.325 0.6703125 0.3203125 0.7046875 0.3578125 0.7109375 0.35625 0.7234375 0.3640625 0.7390625 0.38828125 0.740625