0 0.5034375 0.6751736111111112 0.4984375 0.7314236111111112 0.5085416666666667 0.739988425925926 0.5326215277777778 0.7397569444444444 0.5544444444444445 0.7474537037037037 0.5538888888888889 0.7537037037037038 0.5710763888888889 0.7524305555555556 0.5863888888888888 0.7373263888888888 0.6037152777777778 0.7344907407407407 0.6133333333333333 0.7135995370370369 0.6064930555555555 0.7032407407407407 0.5910069444444445 0.7028356481481481 0.5916666666666667 0.6779513888888888 0.5802777777777778 0.6663773148148148 0.5639236111111111 0.6582754629629629 0.5345138888888888 0.6573495370370371 0.5034375 0.6751736111111112
0 0.5334375 0.7567708333333334 0.5063541666666667 0.7820601851851853 0.5015625 0.8010416666666667 0.5139583333333333 0.81875 0.5388194444444445 0.8184606481481481 0.5771527777777778 0.8063078703703703 0.5818055555555556 0.7888888888888889 0.5901736111111111 0.7820601851851853 0.6023958333333334 0.7842592592592593 0.6232291666666667 0.7594328703703703 0.6261805555555555 0.7436921296296296 0.6181249999999999 0.6946180555555556 0.5671875000000001 0.6564814814814816 0.5345138888888888 0.6573495370370371 0.5099652777777778 0.6715856481481481 0.5044444444444444 0.6813078703703703 0.5001388888888889 0.7297453703703703 0.5334375 0.7567708333333334
2 0.49736111111111114 0.48159722222222223 0.4958333333333333 0.4987847222222222 0.5086458333333334 0.5118055555555555 0.5714236111111111 0.5040509259259259 0.5946874999999999 0.4868055555555556 0.5957986111111111 0.4743055555555556 0.5810069444444445 0.46608796296296295 0.5372569444444445 0.4693287037037037 0.49736111111111114 0.48159722222222223
2 0.5716319444444444 0.39693287037037034 0.5702777777777778 0.35978009259259264 0.48944444444444446 0.3611111111111111 0.46531249999999996 0.3706597222222222 0.46031249999999996 0.42690972222222223 0.4822222222222222 0.4423611111111111 0.4914930555555555 0.4603009259259259 0.49746527777777777 0.46296296296296297 0.5313888888888889 0.4480324074074074 0.5496875 0.43425925925925923 0.5716319444444444 0.39693287037037034
2 0.508888888888889 0.28206018518518516 0.5030902777777778 0.22505787037037037 0.49624999999999997 0.21469907407407407 0.4749305555555555 0.21006944444444445 0.4669791666666667 0.21221064814814813 0.45708333333333334 0.23622685185185185 0.4733880208333333 0.27783686342592595 0.4438888888888889 0.3148148148148148 0.44805555555555554 0.3377893518518519 0.4699305555555555 0.33616898148148144 0.49375 0.3126736111111111 0.508888888888889 0.28206018518518516
2 0.42315972222222226 0.6702546296296297 0.4169791666666666 0.7048611111111112 0.4225347222222222 0.7820601851851853 0.4330555555555556 0.7859375 0.4679861111111111 0.7771412037037038 0.483125 0.7465277777777778 0.4782986111111111 0.6785879629629629 0.4428819444444444 0.6579282407407407 0.42315972222222226 0.6702546296296297
2 0.4004861111111111 0.4189236111111111 0.38930555555555557 0.4399305555555556 0.38809027777777777 0.4710648148148148 0.39611111111111114 0.5030671296296296 0.4092013888888889 0.512962962962963 0.4232638888888889 0.5119212962962963 0.43645833333333334 0.5031828703703703 0.4425 0.4701388888888889 0.42465277777777777 0.42644675925925923 0.4004861111111111 0.4189236111111111
0 0 0.6086888217592593 0.012152777777777778 0.5967013888888888 0.03840277777777778 0.580787037037037 0.08461805555555556 0.532349537037037 0.09840277777777777 0.5344328703703703 0.10263888888888889 0.5217013888888888 0.12163194444444445 0.5001157407407407 0.12940972222222222 0.4824652777777778 0.13767361111111112 0.42442129629629627 0.14461805555555557 0.4161458333333333 0.14868055555555557 0.3879050925925926 0.14336805555555557 0.3603587962962963 0.12802083333333333 0.3583912037037037 0.09920138888888888 0.368287037037037 0.08128472222222223 0.36030092592592594 0.06565972222222222 0.3614583333333333 0.03274305555555555 0.38252314814814814 0.006666666666666666 0.4139467592592592 0 0.4382568148148148 0 0.6086888217592593
0 0.21822916666666667 0.7056134259259259 0.21940972222222221 0.7272569444444444 0.20701388888888891 0.7793981481481481 0.1978125 0.8654513888888888 0.20475694444444445 0.9270254629629631 0.21430555555555555 0.9418402777777778 0.22354166666666664 0.9427083333333334 0.22791666666666666 0.9284143518518518 0.24409722222222222 0.9210069444444444 0.2532638888888889 0.8877314814814815 0.25125000000000003 0.8754629629629629 0.25805555555555554 0.86875 0.2534722222222222 0.8504629629629629 0.2590277777777778 0.7879629629629629 0.2663888888888889 0.775 0.2739236111111111 0.7076967592592593 0.2751388888888889 0.6765625 0.26697916666666666 0.6461226851851852 0.23972222222222223 0.6559027777777778 0.21822916666666667 0.7056134259259259
0 0 0.8770101597222222 0.0103125 0.8793402777777778 0.02861111111111111 0.8655671296296297 0.045625 0.8487847222222222 0.048576388888888884 0.8330439814814815 0.06829861111111112 0.8207175925925926 0.06559027777777778 0.8162615740740741 0.0775 0.8045138888888889 0.08517361111111112 0.8054976851851853 0.11013888888888888 0.7865740740740741 0.11819444444444445 0.7657986111111111 0.14756944444444445 0.7496527777777778 0.16086805555555556 0.7222800925925925 0.1879861111111111 0.7140625 0.20291666666666666 0.7207175925925926 0.21569444444444447 0.7166666666666667 0.24628472222222222 0.7392361111111112 0.2673263888888889 0.6771412037037037 0.27065972222222223 0.6396412037037037 0.2578125 0.6095486111111111 0.22690972222222225 0.5730324074074075 0.21791666666666668 0.5519675925925925 0.18552083333333333 0.5497106481481482 0.18000000000000002 0.5594328703703704 0.060208333333333336 0.6148726851851852 0.054375 0.6106481481481482 0 0.6486726226851851 0 0.8770101597222222
0 0.6896527777777778 0.3090277777777778 0.7240277777777777 0.3064814814814815 0.7411805555555555 0.28813657407407406 0.7712847222222222 0.28125 0.7877777777777778 0.21793981481481484 0.7926041666666666 0.2160300925925926 0.7955208333333333 0.1832175925925926 0.7885416666666666 0.1744212962962963 0.7952083333333333 0.16927083333333334 0.7758680555555556 0.15983796296296296 0.7429513888888889 0.11105324074074074 0.7071875 0.12922453703703704 0.6886111111111112 0.14612268518518517 0.6747916666666667 0.26666666666666666 0.6896527777777778 0.3090277777777778
0 0.7525 0.3354166666666667 0.7368402777777777 0.31950231481481484 0.7236805555555555 0.3453125 0.7126041666666667 0.34768518518518515 0.7057638888888889 0.3373263888888889 0.6809027777777777 0.33761574074074074 0.6856597222222222 0.371412037037037 0.7082986111111111 0.3961226851851852 0.7414930555555556 0.37193287037037037 0.7475347222222223 0.3388888888888889 0.7525 0.3354166666666667
0 0.6779861111111111 0.44027777777777777 0.6640972222222222 0.4568287037037037 0.631423611111111 0.45769675925925923 0.6261805555555555 0.46429398148148143 0.5977777777777779 0.4695023148148148 0.5894444444444444 0.4934027777777778 0.5448611111111111 0.5060185185185185 0.5453125 0.5184027777777778 0.5321527777777777 0.544212962962963 0.48809027777777775 0.5335069444444445 0.48704861111111114 0.5103009259259259 0.47854166666666664 0.5186921296296296 0.45805555555555555 0.5046875000000001 0.45576388888888886 0.49554398148148143 0.4513888888888889 0.5098379629629629 0.44486111111111115 0.513425925925926 0.43746527777777783 0.5093171296296296 0.43392361111111116 0.5142361111111111 0.4092013888888889 0.512962962962963 0.3914236111111111 0.5034143518518518 0.3876388888888889 0.5285300925925925 0.3975 0.5572916666666666 0.4288888888888889 0.5534143518518518 0.43881944444444443 0.5464699074074074 0.4735763888888889 0.5920138888888888 0.5662847222222221 0.6317129629629629 0.5846180555555556 0.635011574074074 0.6018055555555556 0.6337384259259259 0.6103124999999999 0.6253472222222222 0.6442708333333333 0.6274884259259259 0.6538541666666666 0.589525462962963 0.6662152777777778 0.590162037037037 0.6825347222222222 0.5811921296296296 0.6862499999999999 0.5568576388888888 0.7038888888888889 0.5330439814814815 0.7121875000000001 0.4222222222222222 0.7047916666666667 0.41811342592592593 0.6951388888888889 0.42193287037037036 0.690625 0.43778935185185186 0.6779861111111111 0.44027777777777777