0 0.3915032685185185 0.762454613425926 0.40686274537037037 0.7758533055555555 0.42483660185185185 0.7742556296296296 0.42454611574074075 0.7677196805555555 0.44780319444444444 0.7558097314814815 0.47305737268518516 0.751924474537037 0.48405954861111106 0.741103849537037 0.4814451712962963 0.6822803194444444 0.4496732013888889 0.6687000717592592 0.4187726944444445 0.6747276689814815 0.40123456944444447 0.6861292662037037 0.3887436458333333 0.7003631087962964 0.3882716064814815 0.7266521435185185 0.3720043564814815 0.7297385624999999 0.3643427731481481 0.7419026875 0.3734567893518519 0.762418300925926 0.3915032685185185 0.762454613425926
0 0.37251270833333333 0.8149963680555556 0.3854393611111111 0.8105664490740742 0.3938997824074074 0.8163761805555555 0.39796659490740743 0.8340595486111111 0.43761800925925926 0.8403776319444445 0.4636891805555556 0.8364197523148148 0.4775236018518519 0.8155047222222223 0.47338416898148145 0.796187363425926 0.4461510532407407 0.7740014513888889 0.48235294212962965 0.7396151041666668 0.4801016712962963 0.6889615092592593 0.47476398148148147 0.6795933171296297 0.4496732013888889 0.6687000717592592 0.415432099537037 0.6733841689814815 0.36020334259259257 0.7225853287037037 0.34945533796296296 0.7760348587962963 0.3518155416666667 0.7922294837962963 0.37251270833333333 0.8149963680555556
2 0.45559186805555557 0.4696804652777778 0.4098402337962963 0.4737472777777778 0.3939360925925926 0.48500363194444446 0.39451706481481486 0.4980755277777778 0.4181190995370371 0.512381988425926 0.48362381944444444 0.5098402314814815 0.49767610648148153 0.4938271620370371 0.49687726851851854 0.47585330555555555 0.45559186805555557 0.4696804652777778
2 0.4260711689814815 0.3591140162037037 0.4229121273148148 0.3987654328703704 0.4441902685185185 0.434604212962963 0.4627450972222222 0.44607843287037036 0.4976397962962963 0.45610021759259256 0.5040304999999999 0.45225127083333333 0.5145969513888888 0.43162672453703704 0.5383079166666667 0.41147421990740746 0.535693537037037 0.35265068981481484 0.510820625 0.3466594027777778 0.4260711689814815 0.3591140162037037
2 0.5105301388888889 0.19248365972222223 0.5028685532407408 0.20464778703703704 0.4941176481481481 0.26612200462962965 0.5085693541666667 0.2960058078703704 0.532461875 0.3168482199074074 0.5553376898148148 0.3148148148148148 0.5607843148148148 0.28972403703703703 0.5315633634259259 0.25555094444444443 0.5506172824074075 0.20860566435185188 0.541358025462963 0.1848220763888889 0.5331154675925925 0.18391430787037036 0.5105301388888889 0.19248365972222223
2 0.5457879444444445 0.6535947708333333 0.5076615833333333 0.6815904120370371 0.49941902546296296 0.7545025416666666 0.5138707337962963 0.7843863472222222 0.5501089328703704 0.7877269421296297 0.561328974537037 0.7818082800925926 0.5707697893518519 0.6989469861111111 0.5659041388888889 0.663289761574074 0.5457879444444445 0.6535947708333333
2 0.6014524328703703 0.3927378356481481 0.5757443726851852 0.40486565046296297 0.5549745833333334 0.4542846759259259 0.5597676111111111 0.4883079166666666 0.5732026157407407 0.4953159050925926 0.5879084976851852 0.4940087152777778 0.6021060277777778 0.4812636157407407 0.6120188796296296 0.4459331898148148 0.6122004351851852 0.41310820601851855 0.6014524328703703 0.3927378356481481
0 1 0.30329873379629635 0.9889978217592592 0.2910312291666667 0.9554466226851852 0.27432825 0.9391067523148148 0.2757806828703704 0.9199346412037037 0.28732752314814813 0.8901597685185185 0.28177196990740744 0.8739651412037036 0.286492375 0.8671023981481482 0.31663035648148147 0.8700435740740742 0.3458968773148148 0.8769426273148149 0.3534858402777778 0.8828976041666666 0.41365286805555557 0.8902323888888889 0.43104575231481485 0.9091503263888889 0.4506899050925926 0.9129992731481481 0.4634713148148148 0.927559912037037 0.45889615046296295 0.9737835879629629 0.5023602037037037 1 0.51447375 1 0.30329873379629635
0 0.7366739282407407 0.8515250532407407 0.7339869282407407 0.8648874351851852 0.7420479305555555 0.8986201898148147 0.758678287037037 0.9037037037037037 0.7625998541666666 0.9181190995370371 0.7723311527777779 0.9156136527777777 0.7830428472222223 0.8982570810185185 0.7932098773148148 0.8317356574074074 0.787581699074074 0.7420116203703704 0.7770152523148148 0.6888162662037037 0.7792665208333334 0.665649962962963 0.7590413935185185 0.6165940439814815 0.7309005069444444 0.6108932453703704 0.7209150324074074 0.6445896875 0.7207334791666666 0.6774146712962964 0.7254901967592593 0.7475308657407408 0.7326071157407407 0.760021787037037 0.7355119814814814 0.8253812638888889 0.7298474953703704 0.8455700810185185 0.7366739282407407 0.8515250532407407
0 1 0.5616821574074075 0.9556281759259259 0.5367828611111111 0.9493100949074075 0.5422657962962963 0.8262164120370371 0.5039941898148148 0.8208787222222222 0.49462599768518517 0.7867828611111111 0.5025780671296296 0.7763616550925926 0.526470587962963 0.7422294837962964 0.5705156134259259 0.7273420486111112 0.6046477847222222 0.7290849675925926 0.6438634699074074 0.7482570810185185 0.7061365277777777 0.7814088611111111 0.6769426296296296 0.7946259976851852 0.6790486550925926 0.8106027592592592 0.6694262893518519 0.8386710231481481 0.6734931018518518 0.8513435 0.7002541759259259 0.881408861111111 0.7123456782407408 0.8888888888888888 0.733006537037037 0.9141975324074074 0.7488017430555556 0.9222948425925926 0.7464415393518519 0.9342411041666666 0.7568627453703703 0.9311909953703704 0.7620551921296297 0.9513071898148148 0.7717501805555556 0.9536673935185185 0.7879448078703704 0.9707334791666666 0.8028322430555556 0.9892883078703704 0.8143064629629629 1 0.8101494745370371 1 0.5616821574074075
0 0.19952796064814815 0.24473493055555554 0.20450254166666665 0.2459331875 0.2188453148148148 0.310275962962963 0.2501089328703704 0.31241830092592593 0.2672476388888889 0.328939724537037 0.3031953518518518 0.32574437268518514 0.32076978935185185 0.27824981944444444 0.3119099490740741 0.1527233125 0.29320987731481485 0.13798111805555557 0.2565359467592592 0.12483660185185184 0.2197167777777778 0.18224400694444445 0.1989832962962963 0.19557008101851853 0.2057371087962963 0.19989106712962965 0.1980029050925926 0.21042120601851852 0.19952796064814815 0.24473493055555554
0 0.2531953518518519 0.3449527962962963 0.23602033333333333 0.3645243287037037 0.24106753703703704 0.36735657407407407 0.24586056712962964 0.40137981018518515 0.2795570069444444 0.4213507615740741 0.3044662314814815 0.3912490925925926 0.31103849074074075 0.35457516203703704 0.2849673194444444 0.3585330439814815 0.2773057361111111 0.3706971666666667 0.26579520833333337 0.37007988425925925 0.2531953518518519 0.3449527962962963
0 0.3276325347222222 0.6172113287037037 0.3359114027777778 0.6558460439814815 0.37164125000000003 0.6477487268518518 0.3801742939814815 0.6551924467592593 0.39814814814814814 0.6535947708333333 0.4175381273148148 0.6469498912037037 0.5166666666666666 0.5889252013888888 0.5552650671296296 0.5346405231481481 0.5653594768518518 0.5403050115740741 0.598111837962963 0.5390341319444444 0.6098039212962963 0.5068264351851851 0.6070079884259258 0.48082788657407405 0.5879084976851852 0.4940087152777778 0.5619099490740741 0.4996005810185185 0.5584241087962963 0.4949891064814815 0.5504720416666666 0.5006172824074073 0.543790849537037 0.4979302847222222 0.5398692824074074 0.4835148865740741 0.5370370370370371 0.4936092939814815 0.5148874375 0.5119825717592592 0.5063543935185185 0.5045388518518519 0.5041757430555556 0.5293391435185185 0.4574437175925926 0.5482570810185186 0.4448438634259259 0.5231299930555555 0.4458968773148148 0.5099128541666667 0.39970951388888887 0.5041757430555556 0.3920842407407407 0.48024691435185185 0.36252723148148147 0.47959331944444444 0.35733478472222224 0.4734931018518519 0.3230936828703704 0.4781771967592593 0.3092955694444445 0.462999275462963 0.2961510532407407 0.4625272337962963 0.29215686342592595 0.44647785185185185 0.2822076967592593 0.44408133564814817 0.2742556296296296 0.44970951388888886 0.2777777777777778 0.5658678287037037 0.29517066203703707 0.5881082060185185 0.29793028240740743 0.613289761574074 0.31463326157407406 0.6200072615740742 0.3276325347222222 0.6172113287037037