2 0.5250151782407407 0.14633879861111113 0.502489375 0.15577413425925926 0.4978749236111111 0.20765027314814816 0.5082574375000001 0.22327868981481483 0.5412871874999999 0.23275045601851851 0.5772313287037037 0.23267759490740741 0.5860959305555555 0.2073224050925926 0.5720704328703703 0.18156648611111112 0.5830601111111111 0.16947176620370372 0.5811779004629629 0.16276867129629632 0.5250151782407407 0.14633879861111113
2 0.28008500462962965 0.8565755925925926 0.2868245300925926 0.9061930787037037 0.3039465694444444 0.9273224027777778 0.32374013425925924 0.9323497268518518 0.323983 0.9389071041666667 0.34341226388888885 0.9340983611111111 0.3524590162037037 0.9136612037037037 0.35980570833333336 0.8473224050925926 0.3388585300925926 0.8111475416666666 0.34353369675925927 0.8050273217592592 0.34098360648148146 0.7802914398148147 0.3321190046296297 0.7615300532407407 0.3151791134259259 0.7453187615740741 0.3069823912037037 0.7445901643518519 0.2849423194444445 0.7671402546296296 0.28008500462962965 0.8565755925925926
2 0.2137219189814815 0.7412021851851852 0.21013964814814814 0.732714025462963 0.19502124999999998 0.7215664837962963 0.17880995833333332 0.7250273217592592 0.18318154398148148 0.7548269583333332 0.20449301851851853 0.7567213125000001 0.2137219189814815 0.7412021851851852
2 0.5148148148148148 0.3120947175925926 0.47067395370370374 0.3114389791666667 0.4482695810185185 0.32415300694444443 0.45033393981481484 0.33577413657407407 0.46678809953703704 0.3388706736111111 0.5337583472222223 0.3382877939814815 0.5564055856481481 0.33213114814814815 0.5576199143518519 0.32080145833333334 0.5148148148148148 0.3120947175925926
2 0.5005464467592593 0.2797814212962963 0.49210686111111107 0.2724954467592593 0.45282331481481486 0.27063752314814815 0.45324832870370374 0.28211293287037037 0.4649666064814815 0.28969034722222226 0.4977534907407407 0.2926047361111111 0.5005464467592593 0.2797814212962963
2 0.45355191203703704 0.33442622916666664 0.42428658333333336 0.33836065740740745 0.37783849537037034 0.36364298842592596 0.36053430555555555 0.38171220370370373 0.36575591898148146 0.3903460833333333 0.38858530555555554 0.3891074699074074 0.4529447476851852 0.36214936111111107 0.4636308449074074 0.3418579236111111 0.45355191203703704 0.33442622916666664
2 0.3669702476851852 0.4231329675925926 0.3578627800925926 0.39781420833333336 0.34486946064814816 0.3999271412037037 0.3275652708333333 0.41799635879629626 0.3348512453703704 0.43825136574074075 0.35452337500000003 0.44 0.3669702476851852 0.4231329675925926
2 0.2584699467592593 0.6259016388888888 0.22428658333333332 0.6293989074074074 0.22525804629629628 0.6556284166666666 0.24225865277777778 0.6734790532407408 0.2734669097222222 0.6778870694444444 0.2829386759259259 0.6689253194444444 0.2771706134259259 0.6455373402777779 0.2584699467592593 0.6259016388888888
2 0.5875531273148148 0.07020036342592594 0.6825743773148149 0.07701275 0.6853066203703704 0.0625500925925926 0.6830601087962963 0.0607164537037037 0.6196721319444444 0.055081967592592596 0.5935033402777777 0.05438980092592592 0.5885245902777778 0.052313296296296295 0.5726775949074074 0.05090467592592592 0.5608986041666667 0.05639344212962963 0.5875531273148148 0.07020036342592594
2 0.634547662037037 0.1479052824074074 0.6162112939814816 0.13810564814814816 0.5737704907407407 0.13923497222222223 0.567577412037037 0.1484881597222222 0.5778992106481481 0.16247723148148147 0.6205221620370371 0.16626593750000002 0.634547662037037 0.1479052824074074
2 0.5927140254629629 0.07719490046296296 0.5503946574074073 0.08160291435185185 0.5489981782407407 0.08801457175925925 0.5525804490740741 0.09650273148148149 0.5673345486111111 0.09781420833333333 0.6128718888888889 0.09205828935185185 0.6191256828703703 0.08444444444444443 0.5927140254629629 0.07719490046296296
2 0.5660595023148148 0.10750455324074074 0.5657559189814815 0.09930783333333333 0.5263509421296296 0.09417121990740741 0.5069823912037037 0.10061930787037036 0.5077717060185185 0.12193078240740741 0.5275045532407407 0.12531876157407407 0.5660595023148148 0.10750455324074074
0 0.4129933217592593 0.7834244097222223 0.416514875 0.7902732245370371 0.4228293865740741 0.7842987268518519 0.4346083796296296 0.7935154814814815 0.4392835462962963 0.7873952638888889 0.5162720092592592 0.792604736111111 0.5177292060185186 0.7878324212962964 0.5472374027777778 0.7904553726851852 0.5970856111111111 0.7687431689814815 0.6135397685185184 0.7718397083333334 0.6268973888888889 0.7354462662037037 0.6558591388888888 0.7233151203703704 0.6632058287037036 0.7010928958333333 0.6777170625000001 0.6958469953703704 0.6884638750000001 0.677194900462963 0.6846387361111111 0.6621493611111111 0.7097146319444444 0.6333333333333334 0.7073466898148149 0.6135154814814814 0.6941712199074074 0.6107103819444445 0.6853673356481481 0.5935883425925925 0.6705525185185186 0.5906375208333333 0.6610807523148148 0.5554826944444444 0.6537947800925926 0.4911111111111111 0.6647844583333333 0.4790163935185185 0.661020037037037 0.4656102013888889 0.6754705532407407 0.45872495370370375 0.6777777777777778 0.43278688425925926 0.6840922893518518 0.42681238657407405 0.6822707962962964 0.37763205787037035 0.6777777777777778 0.3445537361111111 0.6554341226851852 0.3147905277777778 0.649726775462963 0.2930418935185185 0.5805707361111111 0.2787249537037037 0.5446873101851851 0.28043715740740743 0.5481481481481482 0.28564663194444445 0.5339404976851851 0.2990892523148148 0.5383120810185185 0.3288888888888889 0.48154219675925924 0.3401821481481481 0.47698846527777783 0.34958105787037036 0.3997571342592593 0.3819307824074074 0.39071038194444446 0.4023679421296296 0.4015786273148148 0.4311111111111111 0.3690953263888889 0.4363934421296296 0.37000607175925926 0.46098360648148146 0.38330297685185183 0.4670673958333333 0.3822707962962963 0.4833151180555556 0.39890710416666664 0.4913296898148148 0.38615665046296294 0.5441165763888889 0.401517912037037 0.5618214930555555 0.3353369768518519 0.6278324236111111 0.3272009722222222 0.6287431689814815 0.33406193055555555 0.6375227685185185 0.32301153703703706 0.6479781412037037 0.3239222824074074 0.6725683055555556 0.3148755324074074 0.6930054652777777 0.383485125 0.7366848819444444 0.4064359444444445 0.7387249537037037 0.43315118518518514 0.7541712199074074 0.4194899814814815 0.7823679421296297 0.4129933217592593 0.7834244097222223