2 0.5187334097222223 0.054948805555555556 0.4942232337962963 0.06742510416666667 0.4845657939814815 0.12218429861111112 0.49400834259259263 0.13731513194444445 0.5277840995370371 0.14338263194444445 0.5655037291666667 0.13913538194444444 0.577158386574074 0.11160409722222221 0.564833775462963 0.08631020138888888 0.5774870439814814 0.07239287037037037 0.5761344953703704 0.06560485416666667 0.5187334097222223 0.054948805555555556
2 0.19581595138888888 0.8257489583333333 0.198280875 0.8768297314814815 0.21428390972222222 0.8969283263888889 0.23458475462962963 0.8998862337962963 0.23423081712962965 0.9067121712962963 0.2550625717592593 0.8994311712962962 0.26645177546296295 0.8770193402777778 0.2803185439814815 0.8068259375000001 0.26169890046296296 0.7714448240740741 0.2671722916666667 0.7645051203703703 0.26679307175925926 0.7389457731481482 0.2592339791666667 0.7203640509259259 0.24296549074074072 0.7053849074074073 0.23443306712962964 0.7055745162037037 0.2092150162037037 0.7317026921296297 0.19581595138888888 0.8257489583333333
2 0.13689799074074074 0.7128555162037037 0.13392744444444446 0.7043989398148148 0.11909998611111111 0.6945013263888888 0.10176968981481481 0.7 0.10358993749999999 0.7306408796296296 0.12577423842592592 0.7301478958333334 0.13689799074074074 0.7128555162037037
2 0.4926431550925926 0.2293894560185185 0.44639109953703704 0.23382631712962962 0.4217039560185185 0.24971558796296295 0.4227910486111111 0.26162305555555554 0.43976741203703706 0.26295032175925925 0.5100872199074074 0.2545695856481482 0.5344204259259259 0.24550625694444442 0.5367463032407408 0.23352294444444444 0.4926431550925926 0.2293894560185185
2 0.48067248148148145 0.197269625 0.47249399537037035 0.1906332962962963 0.43144988194444445 0.1932499050925926 0.43083049074074076 0.2051952986111111 0.44242194444444444 0.21175578240740742 0.47655163657407407 0.2109973449074074 0.48067248148148145 0.197269625
2 0.42629250462962964 0.2598407291666667 0.3952218449074074 0.26734925925925923 0.3441410694444444 0.29916571990740737 0.3243079259259259 0.3200606736111111 0.3289849583333333 0.32847933333333335 0.35305271064814814 0.3245354560185185 0.42308178472222224 0.28888888888888886 0.4361774745370371 0.26643913425925925 0.42629250462962964 0.2598407291666667
2 0.32721526851851856 0.362609025462963 0.3200101111111111 0.3372013657407407 0.30618126620370373 0.34091770833333335 0.28634812268518517 0.3618126666666666 0.29211225 0.3821387939814815 0.31259006481481477 0.3816837314814815 0.32721526851851856 0.362609025462963
2 0.19455188888888889 0.5871444837962964 0.15836177546296298 0.5947667800925927 0.156946025462963 0.6220705347222222 0.17312602546296296 0.638756162037037 0.20546075 0.6397421319444445 0.2162305648148148 0.6292756921296296 0.2123498912037037 0.6054986736111111 0.19455188888888889 0.5871444837962964
2 0.6335103009259259 0.04387561574074074 0.6151813935185184 0.03576033564814815 0.5705473402777778 0.04186575694444444 0.5631904930555556 0.05225635185185185 0.572721525462963 0.06568069907407408 0.6170901273148148 0.06469472916666666 0.6335103009259259 0.04387561574074074
2 0.5654026041666667 0.00959423611111111 0.565845025462963 0.0010618125 0.5249778773148148 0.00026545370370370373 0.5040576412037038 0.0092529375 0.5029073449074074 0.031437238425925926 0.5232966736111111 0.03268865972222222 0.5654026041666667 0.00959423611111111
0 0.34205536574074075 0.7338642407407407 0.34511439814814815 0.7406143333333334 0.35229427546296294 0.7336367083333334 0.36379724305555555 0.7419036782407408 0.36927063425925927 0.734963974537037 0.4495638981481481 0.7314751620370371 0.45153583564814814 0.7263177870370371 0.48225255787037036 0.7256351921296296 0.5365693356481481 0.6971558587962963 0.5535456944444445 0.698483125 0.5709391990740741 0.6588926805555556 0.6024522800925927 0.6428517268518519 0.6122234861111111 0.6187713310185186 0.6279357847222222 0.6116040949074074 0.6409429907407408 0.5908608263888889 0.6383263796296297 0.5755783078703703 0.667311337962963 0.542548349537037 0.6666666666666666 0.5221084560185185 0.653103275462963 0.5207053472222222 0.6454556944444444 0.5038301087962963 0.6301858171296296 0.5024649236111111 0.6235115671296296 0.46681835416666667 0.6218430046296296 0.4003792199074074 0.6344962708333334 0.3864618888888889 0.6317911782407407 0.3728858564814815 0.6475919606481482 0.36401213425925927 0.6524206805555556 0.336632537037037 0.6596005555555555 0.32965491203703706 0.662255087962963 0.2784603726851852 0.6606118055555555 0.24440652314814815 0.6399317407407408 0.2158892685185185 0.6359625833333333 0.1938187337962963 0.564732650462963 0.1868790300925926 0.5269245347222222 0.1928327638888889 0.5300720532407408 0.19787637500000002 0.5139173287037037 0.2135760324074074 0.5157375810185185 0.24421691435185183 0.45512577314814817 0.26260902546296294 0.44947541203703706 0.2729616990740741 0.36544052546296296 0.31573757870370367 0.3540513217592593 0.338149412037037 0.3627859953703703 0.3669321180555556 0.32821387731481483 0.37622297916666664 0.3268866134259259 0.40182025 0.34027303703703704 0.40663632870370375 0.33768170833333333 0.42373909722222225 0.35439261805555555 0.4301858171296296 0.33611427083333334 0.4868411064814815 0.35058778935185186 0.5035646574074074 0.2750221203703704 0.5802427013888889 0.26640121527777777 0.5821387939814815 0.2727847291666667 0.5905195300925926 0.26021994675925925 0.602730375 0.2588926805555556 0.6283276458333333 0.24750347453703705 0.6507394768518519 0.3154342060185185 0.6884338263888888 0.33932499074074074 0.6879029189814815 0.3659208703703704 0.7009480462962963 0.34896978935185186 0.7320060671296297 0.34205536574074075 0.7338642407407407