2 0.8359375 0.45 0.8125 0.4375 0.7875 0.446875 0.784375 0.48125 0.790625 0.5125000000000001 0.8046875 0.521875 0.8546875 0.515625 0.865625 0.49375 0.8546875 0.440625 0.8484375 0.4390625 0.8359375 0.45
2 0.27499999999999997 0.715625 0.2609375 0.7 0.24375 0.6921875 0.2203125 0.690625 0.2140625 0.6953125 0.18125 0.6765625 0.1171875 0.6859375 0.096875 0.6953125 0.090625 0.7140625 0.096875 0.7140625 0.1 0.7328125 0.11875 0.7484375 0.165625 0.753125 0.25156249999999997 0.7453125 0.27499999999999997 0.7234375 0.27499999999999997 0.715625
2 0.28281249999999997 0.8453125 0.28750000000000003 0.8296875 0.278125 0.815625 0.2703125 0.8125 0.2546875 0.821875 0.2546875 0.8421875 0.28281249999999997 0.8453125
2 0.6828125 0.4921875 0.6765625 0.55625 0.678125 0.571875 0.6890625 0.5734374999999999 0.703125 0.5515625000000001 0.70625 0.509375 0.7015625 0.46875 0.690625 0.4703125 0.6828125 0.4921875
2 0.7296875 0.5671875000000001 0.740625 0.5671875000000001 0.7421875 0.5296875 0.7359375 0.521875 0.7234375 0.525 0.7234375 0.55625 0.7296875 0.5671875000000001
2 0.621875 0.6328125 0.61875 0.6546875 0.6265625 0.659375 0.6453125 0.6421875 0.6734375 0.596875 0.6796875 0.56875 0.6734375 0.5593750000000001 0.653125 0.5703125 0.621875 0.6328125
2 0.5890624999999999 0.6921875 0.6078125 0.675 0.6109375 0.6625 0.5875 0.6546875 0.5703125 0.6671875 0.5703125 0.6859375 0.5890624999999999 0.6921875
2 0.3359375 0.753125 0.3375 0.7828125 0.353125 0.7984375 0.378125 0.7984375 0.384375 0.765625 0.3671875 0.7484375 0.3453125 0.74375 0.3359375 0.753125
2 0.959375 0.3375 0.9453125 0.340625 0.94375 0.43125 0.9546875 0.45625 0.9640625 0.4390625 0.959375 0.425 0.9609375 0.4 0.96875 0.3875 0.96875 0.35 0.959375 0.3375
2 0.8671875 0.453125 0.8765625 0.446875 0.88125 0.40625 0.8734375 0.3890625 0.8546875 0.403125 0.8546875 0.44375 0.8671875 0.453125
2 0.915625 0.4515625 0.915625 0.465625 0.9234375 0.46875 0.9296875 0.4671875 0.9375 0.4265625 0.9328125 0.4015625 0.925 0.4078125 0.915625 0.4515625
2 0.9078125 0.509375 0.915625 0.490625 0.9140625 0.453125 0.90625 0.453125 0.8859375 0.490625 0.8875 0.509375 0.9078125 0.509375
0 0.2890625 0.628125 0.2890625 0.65 0.325 0.7140625 0.3453125 0.7046875 0.36875 0.7046875 0.3796875 0.69375 0.3875 0.7 0.3890625 0.6921875 0.4578125 0.6265625 0.4734375 0.640625 0.525 0.6265625 0.53125 0.6421875 0.546875 0.640625 0.5515625000000001 0.653125 0.5750000000000001 0.653125 0.5828125000000001 0.621875 0.609375 0.63125 0.6296875 0.621875 0.6671875 0.546875 0.6765625 0.5421874999999999 0.6921875 0.4875 0.7203125 0.490625 0.734375 0.4765625 0.7390625 0.4796875 0.74375 0.4453125 0.7359375 0.3796875 0.715625 0.375 0.6890625 0.3546875 0.6578125 0.3515625 0.6109375 0.3515625 0.6046875 0.3578125 0.5796875 0.3609375 0.571875 0.375 0.5593750000000001 0.371875 0.546875 0.3828125 0.4859375 0.378125 0.453125 0.3703125 0.4515625 0.35625 0.4359375 0.3484375 0.434375 0.3359375 0.415625 0.334375 0.3859375 0.359375 0.371875 0.35625 0.353125 0.3671875 0.346875 0.38125 0.325 0.3890625 0.3109375 0.4171875 0.27499999999999997 0.43125 0.2765625 0.446875 0.25156249999999997 0.4953125 0.25156249999999997 0.5234375 0.246875 0.525 0.2453125 0.5984375 0.2390625 0.603125 0.246875 0.6140625 0.240625 0.6203125 0.246875 0.6234375 0.2484375 0.6171875 0.2765625 0.603125 0.2890625 0.628125