0 0.3109375 0.3984375 0.3015625 0.4140625 0.3 0.471875 0.3078125 0.49375 0.315625 0.4984375 0.3453125 0.4859375 0.35 0.478125 0.35 0.403125 0.3328125 0.384375 0.3109375 0.3984375
0 0.4421875 0.3421875 0.440625 0.359375 0.4515625 0.3828125 0.475 0.396875 0.4953125 0.3984375 0.5046875000000001 0.3609375 0.49375 0.3109375 0.46875 0.309375 0.4421875 0.3421875
2 0.3984375 0.5328125 0.3921875 0.4953125 0.3734375 0.4921875 0.378125 0.5437500000000001 0.3921875 0.5421874999999999 0.3984375 0.5328125
2 0.4 0.7 0.3890625 0.70625 0.3953125 0.7546875 0.4 0.7625 0.415625 0.7671875 0.4234375 0.7609375 0.4234375 0.7421875 0.4171875 0.7390625 0.4125 0.709375 0.4 0.7
2 0.28281249999999997 0.5906250000000001 0.29531250000000003 0.5875 0.3015625 0.5765625 0.29062499999999997 0.5515625000000001 0.26875 0.546875 0.26718749999999997 0.5750000000000001 0.28281249999999997 0.5906250000000001
2 0.2171875 0.7375 0.23125 0.75625 0.24375 0.759375 0.24375 0.703125 0.2203125 0.7 0.2125 0.7078125 0.2171875 0.7375
2 0.36875 0.7796875 0.365625 0.7625 0.3296875 0.7625 0.3265625 0.7796875 0.3390625 0.784375 0.36875 0.7796875
2 0.384375 0.5765625 0.3796875 0.55625 0.3578125 0.5625 0.3546875 0.5765625 0.359375 0.5812499999999999 0.384375 0.5765625
0 0.45625 0.4265625 0.4546875 0.4515625 0.465625 0.509375 0.48125 0.525 0.49375 0.5187499999999999 0.4953125 0.509375 0.490625 0.4578125 0.478125 0.4265625 0.45625 0.4265625
0 0.4578125 0.5593750000000001 0.453125 0.5671875000000001 0.4515625 0.5812499999999999 0.465625 0.6109375 0.478125 0.615625 0.490625 0.6109375 0.4953125 0.59375 0.4875 0.5671875000000001 0.471875 0.55625 0.4578125 0.5593750000000001
0 0.53125 0.540625 0.5625 0.546875 0.56875 0.5359375000000001 0.5625 0.4984375 0.5421874999999999 0.4875 0.5296875 0.4921875 0.5265624999999999 0.5 0.53125 0.540625
0 0.7359375 0.753125 0.715625 0.71875 0.7 0.7125 0.6859375 0.7296875 0.6921875 0.7390625 0.68125 0.753125 0.68125 0.771875 0.6921875 0.89375 0.7015625 0.9171875 0.725 0.9234375 0.74375 0.896875 0.7359375 0.753125
2 0.5734374999999999 0.6734375 0.5625 0.6640625 0.5515625000000001 0.6671875 0.553125 0.6984375 0.5703125 0.70625 0.5734374999999999 0.6734375
2 0.5609375 0.571875 0.5656249999999999 0.634375 0.5828125000000001 0.646875 0.59375 0.6375 0.5953125 0.60625 0.5875 0.5750000000000001 0.5703125 0.5671875000000001 0.5609375 0.571875
2 0.5484375 0.659375 0.5578124999999999 0.65 0.5593750000000001 0.6328125 0.5499999999999999 0.6203125 0.5390625 0.628125 0.5375 0.65 0.5484375 0.659375
0 0.3359375 0.5984375 0.361528125 0.6340375 0.340625 0.653125 0.3484375 0.66875 0.38125 0.69375 0.4 0.6875 0.4015625 0.65 0.38125 0.6015625 0.3359375 0.5984375