0 0.35951851851851857 0.4373950625 0.35240740740740745 0.35739506249999997 0.33229629629629626 0.3388888888888889 0.3102962962962963 0.3557901226851852 0.30177777777777776 0.37327160416666666 0.3055925925925926 0.43507407407407406 0.316 0.4577283958333333 0.3247777777777778 0.46204938194444445 0.3552592592592593 0.44613580324074076 0.35951851851851857 0.4373950625
0 0.497 0.24656790046296295 0.4701851851851852 0.24707407407407408 0.44496296296296295 0.2843827152777778 0.44492592592592595 0.3028518518518518 0.4588148148148148 0.32690123379629626 0.48514814814814816 0.3398641967592593 0.506962962962963 0.3397654328703704 0.5134074074074074 0.29895061805555556 0.497 0.24656790046296295
2 0.40614814814814815 0.4520617291666667 0.38585185185185183 0.45035802546296294 0.3957407407407408 0.5049506180555555 0.4105925925925926 0.5020617291666667 0.4163703703703704 0.4915185185185185 0.40614814814814815 0.4520617291666667
2 0.46288888888888885 0.7126790115740741 0.45592592592592596 0.7098888888888889 0.4481111111111111 0.6786296296296297 0.4338888888888889 0.6697160486111111 0.4228148148148148 0.6773333333333333 0.4340740740740741 0.7284567893518519 0.4398148148148148 0.7363827152777778 0.4569259259259259 0.7400246921296296 0.4646666666666666 0.7326790115740741 0.46288888888888885 0.7126790115740741
2 0.2985185185185185 0.5632345671296296 0.3115555555555556 0.5588148148148148 0.3171851851851852 0.5466049374999999 0.30314814814814817 0.5208888888888888 0.2793703703703704 0.5177901226851852 0.2803703703703704 0.5479259259259259 0.2985185185185185 0.5632345671296296
2 0.24244444444444446 0.7256049375000001 0.2592222222222222 0.7443827152777778 0.27285185185185185 0.7466296296296296 0.2675185185185185 0.6866296296296297 0.24222222222222223 0.6853333333333333 0.23462962962962963 0.6943456782407408 0.24244444444444446 0.7256049375000001
2 0.40314814814814814 0.7393703703703705 0.3648148148148148 0.7424938263888889 0.3631111111111111 0.7610987662037038 0.3768888888888889 0.7650123449074074 0.4081111111111111 0.757432099537037 0.40314814814814814 0.7393703703703705
2 0.3985925925925926 0.5181481481481481 0.3758518518518518 0.5267160486111111 0.3738518518518518 0.5419876550925926 0.3792962962962963 0.5465802476851852 0.4055185185185185 0.5394074074074074 0.3985925925925926 0.5181481481481481
0 0.5075925925925926 0.4035061736111111 0.49129629629629634 0.37125925925925923 0.46796296296296297 0.37316049305555554 0.4686666666666667 0.39996296296296296 0.48581481481481487 0.46067901157407404 0.503962962962963 0.4759876550925926 0.5167037037037038 0.46823456712962963 0.5174814814814814 0.45809876620370366 0.5075925925925926 0.4035061736111111
0 0.5254814814814815 0.5480987662037037 0.5146296296296297 0.5204444444444444 0.49692592592592594 0.5101358032407407 0.4822222222222222 0.5146913587962962 0.4779629629629629 0.5234320995370371 0.4776296296296297 0.538567900462963 0.49544444444444447 0.5690123449074074 0.5092222222222222 0.572925925925926 0.5221111111111111 0.5668395069444444 0.5254814814814815 0.5480987662037037
0 0.5499259259259259 0.4453827152777778 0.5587777777777778 0.4883086412037037 0.5927037037037037 0.4922592592592593 0.5983333333333334 0.48004938194444446 0.5881111111111111 0.44059259259259265 0.5654074074074074 0.43069135879629633 0.5525185185185185 0.43677777777777776 0.5499259259259259 0.4453827152777778
0 0.7407037037037036 0.7219382708333334 0.763925925925926 0.8509876550925926 0.7761481481481481 0.8751728402777778 0.8017407407407406 0.8798024699074074 0.8192222222222222 0.8498395069444444 0.7972592592592592 0.6971851851851852 0.7723333333333334 0.662283951388889 0.7550740740740741 0.6569753078703704 0.7417037037037036 0.6765308634259258 0.7492592592592593 0.6859876550925926 0.738925925925926 0.7019382708333333 0.7407037037037036 0.7219382708333334
2 0.6038148148148148 0.6172592592592593 0.5924444444444444 0.6215432106481481 0.597074074074074 0.6547407407407407 0.6161481481481481 0.6615802476851852 0.6163703703703703 0.6263086412037038 0.6038148148148148 0.6172592592592593
2 0.602962962962963 0.5132469143518519 0.5934074074074074 0.5190617291666667 0.6043333333333334 0.585320988425926 0.6238518518518519 0.5971604930555556 0.6346296296296297 0.5862098773148149 0.6333333333333334 0.5527407407407408 0.622037037037037 0.5200864189814814 0.602962962962963 0.5132469143518519
2 0.5883703703703703 0.6134814814814815 0.5974814814814815 0.6026666666666666 0.5975185185185184 0.5841975300925926 0.5863333333333333 0.5716790115740741 0.5754074074074074 0.580962962962963 0.5758148148148149 0.604432099537037 0.5883703703703703 0.6134814814814815
0 0.4308148148148148 0.6162469143518519 0.40455555555555556 0.5663456782407408 0.3559259259259259 0.5669506180555556 0.386598 0.6026997777777778 0.3661111111111111 0.6248765439814815 0.37592592592592594 0.6408641967592593 0.41329629629629633 0.664679011574074 0.4327037037037037 0.6563827152777778 0.4308148148148148 0.6162469143518519