0 0.5627607129629629 0.7038933125 0.5815320439814815 0.7025028449074073 0.599898875 0.6942864351851852 0.6324232083333333 0.6935912037037036 0.6406522569444445 0.6878397175925925 0.6393376319444444 0.6656554166666666 0.6478700555555555 0.6650233842592592 0.6544937430555555 0.6611047893518518 0.6522816342592592 0.6526987731481482 0.6433447106481481 0.6465048657407407 0.6296928333333334 0.6475161180555555 0.6246745046296296 0.6496018194444445 0.6216660347222223 0.6566805717592593 0.5996839837962964 0.6617368217592593 0.5754898240740741 0.6583870555555555 0.5578182291666667 0.6494122106481481 0.552698775462963 0.6497914282407408 0.5461762106481481 0.6554165069444444 0.5388572870370371 0.6765263564814815 0.5341423333333334 0.6837315138888889 0.5291240046296296 0.6858172152777777 0.5279231458333333 0.6944760462962962 0.533345974537037 0.6992162800925926 0.5627607129629629 0.7038933125
2 0.5684995578703704 0.7428896458333334 0.6044368587962963 0.7419416018518519 0.5222222222222223 0.7428896481481482 0.47272152777777776 0.7174187824074074 0.4361774745370371 0.7081279236111112 0.3847806851851852 0.7085071412037037 0.38368095138888886 0.7188724560185186 0.44754139814814814 0.755277460648148 0.5315636458333333 0.7559094930555555 0.5684995578703704 0.7428896458333334
2 0.3843761851851852 0.7016812037037037 0.366805712962963 0.6944128425925926 0.3413095694444444 0.6980154212962963 0.35938566666666666 0.7138162060185186 0.3784603726851852 0.7175451898148147 0.3843761851851852 0.7016812037037037
0 0.6748198703703703 0.541334849537037 0.7051320949074075 0.5322335995370371 0.7243964097222223 0.5102389074074074 0.7268992546296297 0.4946277337962963 0.7158513449074073 0.4817342939814815 0.6473770694444445 0.45424093055555553 0.6320187083333333 0.45537858564814815 0.622386550925926 0.4663759328703704 0.6464037407407408 0.5245860185185185 0.6748198703703703 0.541334849537037
2 0.5283908495370371 0.6155985347222221 0.5264821134259259 0.6123119722222222 0.5228668958333333 0.6091518148148148 0.512425738425926 0.6064972824074074 0.4917456712962963 0.6046011898148149 0.4884338263888889 0.6065604861111111 0.4820123888888889 0.6138920486111111 0.48030590509259263 0.6140184537037037 0.47248135648148143 0.6265958796296296 0.4778030601851852 0.6296296296296297 0.48292251388888885 0.6292504120370371 0.4845278726851852 0.6274175185185186 0.4896473263888889 0.6270383009259258 0.4995828611111111 0.6211604097222222 0.5098217685185186 0.6204019722222222 0.5116293773148148 0.6219820509259258 0.5286942245370371 0.620717988425926 0.5283908495370371 0.6155985347222221
0 0.45517633564814813 0.5370370370370371 0.45948678935185183 0.5230059421296297 0.4319681458333334 0.4924788263888889 0.3641132592592593 0.5043610162037037 0.3578940717592593 0.5151055486111111 0.38058399537037035 0.5219946898148149 0.42516748842592594 0.5512577430555555 0.44042472453703707 0.5484136018518518 0.45517633564814813 0.5370370370370371
0 0.35314119675925926 0.6662874490740741 0.37833396527777774 0.6575654143518519 0.38134243518518524 0.6504866643518519 0.37931993518518514 0.6163569699074074 0.3646568078703704 0.600303375 0.3253065347222222 0.6015042337962963 0.31055492361111114 0.6128807986111111 0.31166729861111114 0.6316521319444445 0.3210087222222222 0.6446719745370371 0.35314119675925926 0.6662874490740741
0 0.6004171412037037 0.5005688287037037 0.6068385787037037 0.4932372662037037 0.601618 0.49190999768518523 0.4990266712962963 0.49608140740740736 0.4928074837962963 0.5068259398148148 0.505764125 0.5230059398148148 0.537087599537037 0.530969537037037 0.6056503587962964 0.5310327407407408 0.6004171412037037 0.5005688287037037
0 0.7213120972222222 0.5738844652777778 0.7208064699074074 0.5653520416666666 0.703236 0.5580836805555556 0.6521425856481481 0.5635823518518519 0.6427126782407407 0.5779926666666667 0.6478574143518517 0.6358867407407408 0.6683352291666667 0.6343698657407407 0.6721400578703703 0.6118063449074074 0.7213120972222222 0.5738844652777778
0 0.46265958796296297 0.4319302222222222 0.4762229814814815 0.4583491342592592 0.5243079259259259 0.459929212962963 0.5399570231481482 0.43477436342592596 0.499292125 0.4137909236111111 0.4652635578703703 0.4180255324074074 0.46265958796296297 0.4319302222222222
0 0.5850208564814815 0.41429655092592593 0.5558083680555556 0.41303248611111115 0.5444697268518519 0.42415623842592587 0.560333712962963 0.43155100462962964 0.5644545578703704 0.4432435833333333 0.607824548611111 0.4520288217592593 0.6065099236111111 0.42984452083333335 0.5850208564814815 0.41429655092592593
0 0.4191758310185185 0.6236885370370371 0.39699153240740737 0.6253318171296297 0.3791303263888889 0.6420806481481482 0.40183289120370375 0.6781064351851852 0.42743016203703704 0.6762103402777777 0.4357476944444445 0.6430286944444444 0.42791050462962965 0.6264694722222223 0.4191758310185185 0.6236885370370371
0 0.47752496527777777 0.6827834652777777 0.4791303240740741 0.6809505763888889 0.4876627476851852 0.6803185439814814 0.5060295787037037 0.672102136574074 0.5056250787037038 0.6652761990740741 0.5072304398148147 0.6634433055555555 0.5054228287037037 0.6618632291666666 0.5050183287037037 0.6550372916666667 0.4970800162037037 0.6367715856481482 0.4917583125 0.6337378333333333 0.48653773379629633 0.6324105671296296 0.47459234027777775 0.6332954097222222 0.4695740115740741 0.6353811157407407 0.46485905787037035 0.6425862708333333 0.4654658078703704 0.6528251782407408 0.4571356342592593 0.6568701805555556 0.4523195555555556 0.6623688518518519 0.4506130717592593 0.6624952592592592 0.44920996064814817 0.6677411180555555 0.4510175717592593 0.6693211990740741 0.45132094675925927 0.6744406527777778 0.45322968055555557 0.6777272152777778 0.4602578680555556 0.6806345578703704 0.47752496527777777 0.6827834652777777
2 0.26027050925925926 0.6320313495370371 0.26528884027777777 0.6299456435185186 0.2651877152777778 0.6282391597222222 0.288674 0.6196435347222222 0.2904816087962963 0.6212236134259259 0.2952976875 0.6157249398148148 0.2967007986111111 0.6104790810185186 0.2984072824074074 0.6103526736111111 0.2961951712962963 0.6019466574074074 0.2804323078703704 0.5962583726851852 0.28033118287037034 0.5945518888888889 0.2697709375 0.60177525 0.25819348842592593 0.5967213356481481 0.26265958796296296 0.5855770439814815 0.25774626620370367 0.5846623703703704 0.24916000462962964 0.5847619143518519 0.24659334953703704 0.5747693078703704 0.2323473634259259 0.5946782962962963 0.22954114583333335 0.6051700185185185 0.23376311574074074 0.6185690810185185 0.24781949305555553 0.6243837685185185 0.26037163425925924 0.6337378333333333 0.26027050925925926 0.6320313495370371
2 0.3552395393518519 0.4124636574074074 0.35503728935185186 0.40905068981481485 0.3532296805555556 0.40747060879629626 0.35282518055555556 0.4006446712962963 0.35101757175925924 0.3990645949074074 0.35071419675925924 0.3939451388888889 0.3470989768518518 0.3907849837962963 0.33686006944444447 0.3915434212962963 0.3352547083333334 0.3933763101851852 0.33555808333333337 0.3984957638888889 0.333952724537037 0.4003286574074074 0.334761724537037 0.4139805324074074 0.3367715833333333 0.4189735810185185 0.32671102314814815 0.425662875 0.3116805601851852 0.4359203009259259 0.3283710648148148 0.4399664398148148 0.3375603101851852 0.4305479074074074 0.34384266203703706 0.4337401712962963 0.35072683564814816 0.42308178472222224 0.3552395393518519 0.4124636574074074