0 0.5422058125 0.6376933888888888 0.4662564444444445 0.6399437407407407 0.4489451481481481 0.6579113935185185 0.4653188009259259 0.6796413518518519 0.4820557916666666 0.6886661990740741 0.5407524606481482 0.6885138310185185 0.5621425208333334 0.6799460833333334 0.5661275208333334 0.6718940462962962 0.5505743101851852 0.6422058125 0.5422058125 0.6376933888888888
0 0.3588842013888889 0.49714017824074075 0.35973980324074073 0.5225035162037037 0.39555790046296296 0.5484177199074074 0.4131153310185185 0.5494842962962964 0.4357829351851852 0.5377051087962963 0.44773792824074077 0.5135489930555556 0.44733942824074074 0.4929324907407407 0.4084505393518519 0.4845639930555556 0.3588842013888889 0.49714017824074075
2 0.5554969513888889 0.5944561643518519 0.5541608078703704 0.6135372731481481 0.6059188935185185 0.6072433194444444 0.6029653078703704 0.5930496944444444 0.5928621666666667 0.587001875 0.5554969513888889 0.5944561643518519
2 0.8024495995370371 0.5554031875000001 0.7998945162037038 0.5618260671296297 0.770288326388889 0.5674636666666667 0.7620135949074074 0.5804031875 0.7694092824074075 0.5912916087962963 0.8178504467592593 0.5835091412037037 0.8253047337962963 0.5785278935185185 0.8285278935185185 0.562564462962963 0.8214369421296296 0.554840599537037 0.8024495995370371 0.5554031875000001
2 0.6626816689814815 0.7023558356481481 0.6582981712962963 0.689791375 0.6466127523148147 0.6837904375 0.6223628680555555 0.6956165023148148 0.6197491782407408 0.7179090486111112 0.6483825601851853 0.7186474444444444 0.6626816689814815 0.7023558356481481
2 0.8178152824074074 0.7644045949074074 0.8354313171296297 0.7496015 0.8373769351851851 0.7368495092592592 0.7804149097222223 0.7385372708333333 0.779535863425926 0.7623652129629629 0.7882090949074074 0.7700421944444444 0.8178152824074074 0.7644045949074074
2 0.8286568194444444 0.6133380208333333 0.8321612754629629 0.6497304259259259 0.849871074074074 0.6523792777777778 0.8533989699074075 0.6395804027777778 0.845757150462963 0.6096577592592594 0.8286568194444444 0.6133380208333333
2 0.6184247523148149 0.6052859814814815 0.626887011574074 0.6272503518518519 0.6414322546296296 0.6299929675925926 0.645721988425926 0.6251054837962963 0.6385372708333333 0.5999296759259259 0.6184247523148149 0.6052859814814815
0 0.5079231134259259 0.49589779629629627 0.4774964837962963 0.5094936712962963 0.47962962962962963 0.5316455717592592 0.5050984537037037 0.5324777314814815 0.5625761828703704 0.519667136574074 0.5768752916666666 0.5033755277777777 0.5693272384259259 0.4909048287037037 0.5596811990740741 0.4896038449074074 0.5079231134259259 0.49589779629629627
0 0.6451242384259259 0.48707219907407406 0.6189873402777778 0.49578059027777777 0.6094350671296297 0.5119315509259259 0.6139709328703703 0.5260782939814815 0.6223394282407407 0.5305907175925926 0.6367323009259259 0.5317510532407407 0.6654242847222223 0.5166197847222223 0.6689521805555556 0.5038209097222223 0.6629864050925925 0.49130332870370375 0.6451242384259259 0.48707219907407406
0 0.5471401782407407 0.45823956944444444 0.5878223148148148 0.4522737939814815 0.5911040787037037 0.42044069444444443 0.5794186597222223 0.4144397569444444 0.5420534467592593 0.4218940462962963 0.5329582754629629 0.44279184259259263 0.5389240509259259 0.4553094236111111 0.5471401782407407 0.45823956944444444
0 0.8073722453703703 0.29343647453703703 0.9297233958333334 0.27870370370370373 0.9525433657407407 0.2685067986111111 0.9565869675925925 0.24458509027777778 0.9278598217592593 0.22639475 0.7830520393518519 0.23861931481481483 0.7502226921296297 0.2602203472222222 0.7454172546296297 0.2762306597222222 0.764193625 0.289955462962963 0.7730778263888889 0.28334505555555556 0.7883849050925926 0.29399906249999996 0.8073722453703703 0.29343647453703703
2 0.7097749652777778 0.4169245208333333 0.7140060949074074 0.4279067037037037 0.7454992962962963 0.42538678009259256 0.7517346458333334 0.40774730324074077 0.7182020625 0.40556727777777773 0.7097749652777778 0.4169245208333333
2 0.6109118611111112 0.41191983101851853 0.616572900462963 0.42127285416666665 0.6794069375 0.41465072685185184 0.6903891226851853 0.3968706041666667 0.6798288796296297 0.38607594907407405 0.6480309421296296 0.38543131712962964 0.6171472106481481 0.39428035648148146 0.6109118611111112 0.41191983101851853
2 0.7063994375 0.4313056736111111 0.6959915601851853 0.42209329629629627 0.6784341296296297 0.4210267222222222 0.6666901087962963 0.4308954513888889 0.6756680717592592 0.4417369884259259 0.697972337962963 0.4426629166666667 0.7063994375 0.4313056736111111
0 0.7112283148148149 0.5803211435185185 0.6641584629629629 0.6023441157407406 0.6654125625 0.6483239560185184 0.6989677222222221 0.6213412314814816 0.7203352083333334 0.6419362407407407 0.7353961550925926 0.6335560231481482 0.7575128935185185 0.5995780578703703 0.7493553680555556 0.5807782453703704 0.7112283148148149 0.5803211435185185