0 0.36407407407407405 0.4580645162037037 0.3580645162037037 0.43548387037037034 0.36020310648148146 0.41451612962962964 0.36648745370370367 0.4112903217592592 0.36784946296296295 0.40645161342592595 0.3671804074074074 0.39354838657407404 0.36031063425925924 0.38548387037037035 0.3521624861111111 0.3838709675925926 0.3492712060185185 0.3903225810185185 0.3496893657407408 0.39838709722222226 0.328721625 0.39838709722222226 0.32430107407407405 0.40645161342592595 0.3275029884259259 0.43709677314814815 0.32197132638888887 0.4548387106481481 0.3228912777777778 0.47258064583333337 0.33076463657407407 0.5 0.3358542407407408 0.5048387106481482 0.343835125 0.5032258055555556 0.3451971319444444 0.4983870972222222 0.351397849537037 0.4935483865740741 0.3703345277777778 0.48548387037037033 0.3748387106481481 0.47903225694444446 0.3745878125 0.47419354861111107 0.36407407407407405 0.4580645162037037
2 0.2856272384259259 0.46935483796296296 0.27778972453703704 0.5048387106481482 0.2883393078703704 0.5838709675925926 0.3300597384259259 0.6419354837962963 0.33965352546296296 0.6403225810185185 0.33391875694444445 0.5919354837962962 0.320872162037037 0.5580645162037037 0.2911111111111111 0.5129032268518519 0.2822580648148148 0.43548387037037034 0.2856272384259259 0.46935483796296296
2 0.35500597453703703 0.656451613425926 0.3461051388888889 0.6403225810185185 0.33192353703703703 0.6467741944444444 0.3376821967592592 0.6645161296296296 0.3546475509259259 0.680645162037037 0.35500597453703703 0.656451613425926
0 0.4621146944444444 0.3580645162037037 0.48119474305555554 0.3838709675925926 0.5386499398148148 0.40322580555555554 0.5478255671296296 0.39354838657407404 0.5470728796296297 0.3790322569444445 0.5131660694444444 0.3161290324074074 0.49976105092592593 0.306451613425926 0.48541218518518514 0.3096774189814815 0.46706093287037037 0.32903225694444443 0.4621146944444444 0.3580645162037037
2 0.4061051365740741 0.5532258055555556 0.41697730092592594 0.5451612893518519 0.41689366898148145 0.5435483865740741 0.42301075231481483 0.5370967731481481 0.4244563935185185 0.5338709675925926 0.42022699999999996 0.5145161296296297 0.41649940277777775 0.5048387106481482 0.41310633101851857 0.5016129027777778 0.40979689351851856 0.5 0.4049581828703704 0.5 0.4057945023148148 0.5161290324074074 0.4074910393518518 0.5177419351851852 0.40799283333333336 0.5274193541666666 0.4036559143518519 0.5370967731481481 0.4039068101851852 0.5419354837962963 0.4023775393518519 0.5435483865740741 0.4026284351851852 0.5483870972222222 0.4061051365740741 0.5532258055555556
0 0.4832497013888889 0.5790322569444444 0.4823894861111111 0.593548386574074 0.5151254490740741 0.6338709675925926 0.5242771805555555 0.6548387106481482 0.5336200717592593 0.6483870972222222 0.5367264050925926 0.5838709675925926 0.504826761574074 0.5596774189814815 0.4921744328703704 0.5645161296296296 0.4832497013888889 0.5790322569444444
0 0.3830107523148148 0.6677419351851852 0.4070967754629629 0.6967741944444446 0.42041815972222224 0.7048387106481481 0.43816009490740737 0.7048387106481481 0.4470848263888889 0.6903225810185185 0.443548386574074 0.6532258055555556 0.42675029861111113 0.6403225810185185 0.39449223379629633 0.6403225810185185 0.38820788657407407 0.6435483865740741 0.3830107523148148 0.6677419351851852
0 0.4799761041666667 0.4225806458333333 0.48816009722222226 0.48709677314814814 0.4993428912037037 0.5161290324074074 0.5160573495370371 0.5274193541666666 0.525400238425926 0.5209677430555556 0.5171565092592593 0.4241935486111111 0.5152927106481481 0.41935483796296297 0.5091756273148148 0.4258064513888889 0.4799761041666667 0.4225806458333333
0 0.3963201898148148 0.36451612962962965 0.37560334490740743 0.369354837962963 0.37660693055555555 0.38870967824074076 0.43152927083333337 0.3903225810185185 0.44393070601851853 0.380645162037037 0.44303464814814814 0.3322580648148148 0.4341338101851852 0.3161290324074074 0.42606929398148147 0.3161290324074074 0.3963201898148148 0.36451612962962965
0 0.5780645162037037 0.47903225694444446 0.5563201921296296 0.49516128935185183 0.5635005972222222 0.5403225810185185 0.5898924722222222 0.5516129027777777 0.6026284351851852 0.5483870972222222 0.6025686967592593 0.5161290324074074 0.5780645162037037 0.47903225694444446
0 0.553835125 0.4161290324074074 0.5672162476851852 0.45645161342592594 0.5786738356481481 0.4596774189814815 0.5874910393518519 0.47419354861111107 0.5965830347222222 0.46290322685185187 0.5919354837962962 0.43548387037037034 0.5748028657407408 0.4161290324074074 0.553835125 0.4161290324074074
0 0.3950418171296296 0.5887096782407407 0.3648984467592593 0.5983870972222222 0.36615292592592596 0.6225806458333333 0.4026403819444444 0.6419354837962963 0.41623655787037034 0.6241935486111111 0.41514934259259256 0.6032258055555556 0.4115053773148148 0.5951612893518518 0.3950418171296296 0.5887096782407407
0 0.3823297476851852 0.5612903217592593 0.39200716898148147 0.5612903217592593 0.39820788425925924 0.556451613425926 0.3995698935185185 0.5516129027777777 0.3989844699074074 0.5403225810185185 0.39712066898148146 0.5354838703703704 0.39364396759259257 0.530645162037037 0.3755675023148148 0.5241935486111111 0.3691158888888889 0.5241935486111111 0.3674193541666667 0.5225806458333333 0.36589008333333334 0.5241935486111111 0.3594384699074074 0.5241935486111111 0.3539068101851852 0.5419354837962963 0.3543249699074074 0.5499999999999999 0.3527956990740741 0.5516129027777777 0.35685782407407407 0.5677419351851851 0.36041815972222224 0.5741935486111112 0.36372759953703704 0.5758064513888889 0.36856631018518515 0.5758064513888889 0.3702628449074074 0.5774193541666667 0.3750179212962963 0.5758064513888889 0.374934287037037 0.5741935486111112 0.37952210185185187 0.5693548379629629 0.3823297476851852 0.5612903217592593
2 0.4694504189814815 0.7483870972222222 0.4595247546296296 0.7532112893518518 0.4534115532407408 0.7425983865740741 0.4589366805555556 0.7322580648148148 0.457323775462963 0.7322580648148148 0.45011947453703705 0.7177419351851853 0.44197132638888886 0.7161290324074074 0.4420549583333333 0.7177419351851853 0.43729987962962963 0.719354837962963 0.43271206481481483 0.7241935486111111 0.43440860416666666 0.7258064513888889 0.429127837962963 0.7483870972222222 0.4275149351851852 0.7483870972222222 0.4261529259259259 0.7532258055555556 0.42454002314814815 0.7532258055555556 0.43480286574074073 0.7645161296296296 0.441923537037037 0.7774193541666667 0.4549940277777778 0.780645162037037 0.4645041828703704 0.7774193541666667 0.4814934282407407 0.7629032268518517 0.47181482870370367 0.761045162037037 0.4708907407407408 0.7529596782407407 0.4694504189814815 0.7483870972222222
2 0.6347909189814814 0.6709677430555556 0.6363201898148149 0.669354837962963 0.6411589004629629 0.669354837962963 0.6426881712962964 0.6677419351851852 0.6421863796296295 0.6580645162037037 0.6387933101851851 0.6548387106481482 0.633954599537037 0.6548387106481482 0.6322580648148148 0.6532258055555556 0.6258064513888889 0.6532258055555556 0.6241099166666666 0.6516129027777778 0.6208841087962962 0.6516129027777778 0.6114575856481481 0.656451613425926 0.6022743125 0.6635241944444444 0.6060135601851853 0.6692580648148149 0.5982665949074074 0.6784306458333333 0.604040263888889 0.6939112893518519 0.6118820439814814 0.679195162037037 0.6169653518518518 0.669354837962963 0.6218876921296297 0.6709677430555556 0.6347909189814814 0.6709677430555556