2 0.415625 0.4140625 0.4109375 0.421875 0.36875 0.440625 0.365625 0.471875 0.378125 0.5046875000000001 0.3953125 0.509375 0.403125 0.5031249999999999 0.45 0.496875 0.4453125 0.434375 0.434375 0.415625 0.415625 0.4140625
0 0.45 0.4453125 0.446875 0.4625 0.453125 0.5078125 0.471875 0.5187499999999999 0.490625 0.5171875 0.4984375 0.4921875 0.4796875 0.4390625 0.4578125 0.4328125 0.45 0.4453125
0 0.3578125 0.41875 0.3671875 0.43125 0.4046875 0.4234375 0.41875 0.4078125 0.4078125 0.3796875 0.3875 0.3765625 0.359375 0.3875 0.3578125 0.41875
0 0.6203125 0.3671875 0.6375 0.36875 0.6640625 0.36875 0.6828125 0.3625 0.6890625 0.353125 0.734375 0.3546875 0.746875 0.3453125 0.746875 0.33125 0.7734375 0.321875 0.7828125 0.3015625 0.78125 0.2859375 0.771875 0.278125 0.721875 0.27499999999999997 0.6828125 0.2546875 0.6 0.2484375 0.5437500000000001 0.25937499999999997 0.50625 0.284375 0.5031249999999999 0.29375 0.5078125 0.3015625 0.5281250000000001 0.3140625 0.546875 0.315625 0.5484375 0.3296875 0.5593750000000001 0.3375 0.5875 0.3375 0.6203125 0.3671875
0 0.5953125 0.471875 0.5375 0.440625 0.5 0.4421875 0.496875 0.45625 0.5031249999999999 0.48125 0.5453125 0.496875 0.5609375 0.490625 0.6078125 0.4921875 0.6296875 0.4796875 0.621875 0.4640625 0.5953125 0.471875
0 0.7734375 0.490625 0.76875 0.471875 0.7203125 0.4609375 0.69375 0.465625 0.6609375 0.4578125 0.65 0.4625 0.6484375 0.475 0.659375 0.4859375 0.659375 0.525 0.66875 0.5390625 0.684375 0.540625 0.684375 0.5484375 0.765625 0.50625 0.7734375 0.490625
0 0.59375 0.5375 0.6109375 0.5734374999999999 0.6328125 0.5750000000000001 0.6640625 0.5593750000000001 0.6546875 0.5203125000000001 0.6265625 0.5125000000000001 0.596875 0.525 0.59375 0.5375
2 0.5437500000000001 0.515625 0.4546875 0.5203125000000001 0.45625 0.540625 0.478125 0.5609375 0.4953125 0.55625 0.521875 0.5625 0.5640625 0.5578124999999999 0.5796875 0.5375 0.5703125 0.5234375 0.5437500000000001 0.515625
0 0.7109375 0.6453125 0.7078125 0.6546875 0.7140625 0.6625 0.75 0.678125 0.75625 0.6734375 0.7625 0.6546875 0.75625 0.6328125 0.734375 0.6296875 0.7109375 0.6453125
0 0.3921875 0.5140625 0.3890625 0.5203125000000001 0.3984375 0.553125 0.415625 0.5765625 0.4390625 0.5796875 0.453125 0.5609375 0.44375 0.515625 0.4265625 0.5078125 0.3921875 0.5140625
0 0.215625 0.8015625 0.1734375 0.7859375 0.13593750000000002 0.7859375 0.1421875 0.8 0.2234375 0.8265625 0.3328125 0.8296875 0.3421875 0.825 0.3359375 0.8078125 0.309375 0.790625 0.2390625 0.7921875 0.215625 0.8015625
2 0.3296875 0.459375 0.3171875 0.4625 0.284375 0.5125000000000001 0.284375 0.5875 0.296875 0.5953125 0.3296875 0.5921875 0.3375 0.5859375 0.3453125 0.553125 0.3375 0.521875 0.3375 0.465625 0.3296875 0.459375
2 0.3046875 0.60625 0.2546875 0.625 0.2703125 0.6515625 0.3015625 0.659375 0.3140625 0.66875 0.3921875 0.6703125 0.4078125 0.6546875 0.4015625 0.6375 0.3765625 0.6125 0.3046875 0.60625