2 0.3442749930555556 0.16735657175925928 0.354950375 0.18155410185185183 0.37148390277777776 0.1839748240740741 0.3957032199074074 0.17780198611111112 0.4125151296296296 0.15726216203703702 0.4080610023148148 0.08209876388888888 0.39573953009259255 0.040123456018518515 0.37516339814814814 0.024800291666666665 0.28673444675925924 0.02610748148148148 0.2483902199074074 0.04284676851851851 0.2497700300925926 0.12144759259259258 0.28045267361111115 0.16902687037037037 0.32024933564814817 0.17679738657407407 0.3262043078703704 0.1666545648148148 0.3442749930555556 0.16735657175925928
2 0.15896877314814814 0.19335511805555555 0.15081094212962964 0.2216412476851852 0.1748487060185185 0.2400629398148148 0.20214234027777778 0.23045267592592591 0.23654078935185185 0.20244492824074076 0.23672234490740743 0.17785040046296297 0.22335996064814814 0.17362624074074073 0.21960784259259258 0.16562575694444442 0.19500121064814813 0.16526264814814814 0.16713870833333336 0.19293149305555557 0.15896877314814814 0.19335511805555555
2 0.3464536435185185 0.31475429861111115 0.357129025462963 0.3289518287037037 0.3800048425925926 0.32776567361111114 0.38932462037037036 0.3190873888888889 0.3875816990740741 0.289675625 0.3758412013888889 0.2575042361111111 0.35459937037037037 0.25860566435185184 0.3437424351851852 0.2690026643518519 0.3464536435185185 0.31475429861111115
2 0.32591382175925926 0.38301863888888893 0.32959331712962964 0.44511014351851846 0.3506535949074074 0.46860324305555556 0.3682401342592592 0.46113531712962963 0.39532800925925926 0.42039457870370367 0.38579036574074077 0.37007988425925925 0.3599249583333333 0.34847494444444443 0.3329218101851852 0.3629871712962963 0.32591382175925926 0.38301863888888893
2 0.16719922685185185 0.33224400694444445 0.1699104328703704 0.3779956412037037 0.17885500000000001 0.3906439120370371 0.18529411805555557 0.38867102546296295 0.1948922777777778 0.35703219444444445 0.19535221527777777 0.309477125 0.1744977013888889 0.31711449999999997 0.16719922685185185 0.33224400694444445
2 0.2838731412037037 0.28601889351851856 0.30454305324074077 0.28555519444444444 0.3032850532407408 0.26432643518518517 0.27651059027777775 0.2644985949074074 0.2668044074074074 0.2547908611111111 0.24870179166666664 0.2677663888888889 0.22227385648148149 0.24297488425925926 0.20781950925925927 0.2558923634259259 0.17908099768518518 0.2537324375 0.18344830555555555 0.28635825462962966 0.20083712268518517 0.29214868055555554 0.22736002083333332 0.2877314212962963 0.2497472037037037 0.29569659953703703 0.272418724537037 0.2981711087962963 0.2838731412037037 0.28601889351851856
2 0.46794965046296294 0.3182885509259259 0.46660614814814816 0.3232752361111111 0.4774630833333333 0.31287823842592594 0.49860808333333334 0.3101428217592592 0.5061002175925926 0.29828128703703705 0.4993585092592593 0.26748971064814814 0.47540547222222224 0.22283950462962962 0.41434277314814816 0.16044541203703702 0.41388283564814815 0.20800048379629632 0.4373759375 0.300205761574074 0.46794965046296294 0.3182885509259259
0 0.2946744143518518 0.6026264814814815 0.2931662800925926 0.5609689907407408 0.27331506944444445 0.5546981736111112 0.2929378356481481 0.5263027106481482 0.2937666435185185 0.5043330925925926 0.28828370833333333 0.49478334490740744 0.2650205763888889 0.48943355092592594 0.23580246759259257 0.49422657870370373 0.24206003472222223 0.5168482199074075 0.23006535879629628 0.5633623819444444 0.24863229166666667 0.6000968287037037 0.27467925462962967 0.597107238425926 0.28496732175925926 0.6047688194444445 0.2946744143518518 0.6026264814814815
0 0.2189179375 0.5688574189814815 0.20882353009259258 0.5644638101851852 0.19720406712962962 0.5896514166666667 0.2047204074074074 0.6335148888888888 0.22384410416666667 0.62432825 0.2251755023148148 0.5914790601851853 0.2189179375 0.5688574189814815
0 0.1831759861111111 0.6018518518518519 0.1760711689814815 0.6202493356481482 0.18714596990740742 0.6688453148148148 0.19531590509259258 0.6684216898148149 0.19963689351851852 0.6583635925925926 0.19586056712962965 0.594638101851852 0.1831759861111111 0.6018518518518519
0 0.1921931736111111 0.3391430648148148 0.20171871296296295 0.3615952546296296 0.2318082777777778 0.3715081111111111 0.25775841203703703 0.36688453240740737 0.26543209953703706 0.33042846759259265 0.26263616666666667 0.3109053495370371 0.2388888888888889 0.29738562268518515 0.2112079398148148 0.30045993749999994 0.1921931736111111 0.3391430648148148
0 0.18880416203703707 0.5032195578703704 0.1928467685185185 0.5161220046296296 0.2113047685185185 0.5233599606481482 0.23379327083333334 0.5156378611111111 0.2458000486111111 0.4969862013888889 0.2384894699074074 0.4842532083333333 0.22329944212962965 0.47684579861111115 0.20225127083333336 0.48121520138888885 0.18880416203703707 0.5032195578703704
2 0.17373517361111113 0.33190510648148147 0.18824739583333333 0.3278746064814815 0.18910675462962964 0.3147179861111111 0.1983297037037037 0.3044057129629629 0.1712176226851852 0.28942144675925924 0.1682280324074074 0.2666303541666667 0.14525538657407408 0.2661825231481481 0.13804163425925925 0.2550835138888889 0.1331517800925926 0.28320019212962966 0.12075768518518518 0.2953159050925926 0.12057613194444444 0.3199104328703704 0.1372064861111111 0.32396514120370373 0.14307673611111113 0.34005083564814814 0.15595497453703705 0.33610506018518516 0.17277898842592593 0.34342774074074073 0.17373517361111113 0.33190510648148147
0 0.22835875 0.39627209027777777 0.20837569675925924 0.4186153472222222 0.20964657407407405 0.4677196805555556 0.22415879861111113 0.46368917824074074 0.24241103935185185 0.4397966574074074 0.24210844907407408 0.40703219444444444 0.22835875 0.39627209027777777
2 0.27774146527777777 0.34454127314814814 0.2684216898148148 0.35321956018518513 0.26756233333333335 0.36637618055555554 0.28660130787037036 0.3834180601851852 0.3072621643518519 0.3725127106481481 0.3064875324074074 0.3594408148148148 0.28591140046296293 0.3441176458333334 0.27774146527777777 0.34454127314814814
2 0.46554103009259257 0.3053013796296296 0.4494916481481482 0.31105059259259255 0.43392640972222224 0.32496974074074075 0.44412975 0.3588598402777778 0.47969014814814814 0.35045993750000004 0.47563543750000004 0.3096949884259259 0.46554103009259257 0.3053013796296296