2 0.4232840347222222 0.4886360763888889 0.47432688657407407 0.4848438888888889 0.46769055787037034 0.4162811273148148 0.45529010416666665 0.3950954375 0.43477436342592596 0.39217545370370366 0.42984452083333335 0.4004045 0.3842244976851852 0.4181519398148148 0.3815699675925926 0.45207938425925925 0.39601820370370366 0.48872456249999996 0.4149033009259259 0.49495639120370366 0.4232840347222222 0.4886360763888889
0 0.5053469837962963 0.4236253310185185 0.4813045115740741 0.4153836435185185 0.47307546296296293 0.4285298958333333 0.47007963657407403 0.44709897685185185 0.4780053078703703 0.4969915300925926 0.49874857638888886 0.5101504236111111 0.5191884722222222 0.5096574398148148 0.5271141458333334 0.4828593101851852 0.5053469837962963 0.4236253310185185
0 0.3726962453703703 0.3595247106481481 0.3717481990740741 0.3935532800925926 0.3822904814814815 0.4078119074074074 0.4230565046296296 0.40170648611111115 0.4380356458333334 0.38555176388888884 0.4254076597222222 0.3541271643518518 0.4031475162037037 0.3493995717592593 0.3726962453703703 0.3595247106481481
0 0.7948805462962963 0.33852862962962965 0.7945392499999999 0.3231702685185185 0.8233219560185185 0.3146504861111111 0.8330678796296297 0.2930729351851852 0.8309821782407408 0.2759069652777778 0.8205536597222222 0.26676779166666664 0.7658703078703704 0.26011882175925927 0.7227152083333332 0.23540639583333334 0.6321198333333333 0.22322083101851853 0.570951837962963 0.23152572222222223 0.5306029560185185 0.25640247685185186 0.5274175208333334 0.26643913425925925 0.5327265833333333 0.27527493287037036 0.5552142592592593 0.2902414351851852 0.5757299953703704 0.2931614212962963 0.5777777777777777 0.3086209074074074 0.5899127800925926 0.3178612060185185 0.6206295023148148 0.3196814560185185 0.6571861967592592 0.3542282916666667 0.675995449074074 0.357047150462963 0.7050056875 0.35876627546296297 0.7253318171296296 0.3531538356481481 0.7319302222222221 0.34331942824074074 0.7814562013888889 0.34795853935185184 0.7948805462962963 0.33852862962962965
0 0.5953356087962963 0.4851978240740741 0.6465680694444444 0.4899380625 0.6701554791666666 0.47770193518518517 0.6612438379629629 0.460131462962963 0.6324232083333333 0.46694475925925927 0.5685248402777778 0.4290734421296296 0.5276071296296296 0.42835292592592594 0.5245354560185186 0.44350903703703703 0.5319681458333333 0.47121729166666665 0.5784224513888889 0.49101251388888884 0.5953356087962963 0.4851978240740741
0 0.6905195300925926 0.4737959814814815 0.702730375 0.48644924768518516 0.7036784212962963 0.5291113634259259 0.7142586273148148 0.5450764768518519 0.7313613958333334 0.5477942106481481 0.7315510046296296 0.5563266342592592 0.8192643148148149 0.5155100486111112 0.8274175208333333 0.49895082638888894 0.8218430046296297 0.47816963657407413 0.7686765277777778 0.46308936805555556 0.7397800532407408 0.46648969907407406 0.7037542662037036 0.455833650462963 0.6919226388888888 0.46024522916666666 0.6905195300925926 0.4737959814814815
0 0.635419037037037 0.5250663634259259 0.6323094421296296 0.5385159884259259 0.6519529768518518 0.5788775138888889 0.6758816828703703 0.5819997476851851 0.7096321574074074 0.566957400462963 0.6984452013888889 0.5236885347222222 0.6675388703703704 0.5133358634259259 0.635419037037037 0.5250663634259259
2 0.6003792199074075 0.5587789143518519 0.6169510810185186 0.537605863425926 0.6063708750000001 0.5216407523148148 0.5771710277777777 0.5113892037037038 0.4800151666666667 0.5107445324074074 0.4822146388888889 0.5330299583333333 0.5065984074074075 0.5566300092592593 0.5252559722222222 0.5526229305555556 0.5544178981481481 0.5611679930555555 0.6003792199074075 0.5587789143518519
0 0.8120970810185185 0.6531285555555556 0.7881304513888888 0.6482998356481482 0.7629124004629629 0.6638478078703705 0.7597269629629629 0.6738844652777778 0.7667425092592592 0.6828213888888889 0.8063708749999999 0.7022121087962964 0.813083048611111 0.6974971550925927 0.8194539236111111 0.6774238402777778 0.8120970810185185 0.6531285555555556
0 0.46795601157407407 0.5049172037037037 0.44899506944444445 0.4952724050925926 0.4116040949074074 0.4998735949074074 0.40834281250000004 0.5064972824074074 0.41937808101851853 0.5429402106481481 0.4387182407407408 0.5696498541666667 0.46439135416666666 0.5745796990740741 0.47929465277777783 0.5550120092592592 0.46795601157407407 0.5049172037037037
0 0.3645430416666667 0.8362280370370371 0.357299962962963 0.8170522060185185 0.3278725810185185 0.79656175 0.25111869444444446 0.7937176087962963 0.22574895833333333 0.8024396412037037 0.17929465277777779 0.7826444189814815 0.13833902083333333 0.7802174166666667 0.14550625694444444 0.7959802800925926 0.23488812962962963 0.8302490208333333 0.3544178981481481 0.8407407407407407 0.3645430416666667 0.8362280370370371
2 0.35362153935185187 0.574832511574074 0.3613576041666666 0.5395019583333333 0.3520667430555556 0.5048666412037037 0.35070155555555554 0.44343319444444446 0.34201744444444443 0.4361016296296296 0.3284414097222222 0.438705599537037 0.2938187337962963 0.4911894837962963 0.29563898379629633 0.5731007453703704 0.3094804722222222 0.5824421689814815 0.34524080324074075 0.5811528240740741 0.35362153935185187 0.574832511574074
2 0.4320819097222222 0.6544684629629629 0.4248388310185185 0.6352926319444444 0.3969283263888889 0.6063708773148149 0.31827834490740736 0.5948931851851852 0.26412590046296297 0.6121350023148148 0.28183541898148146 0.6421564907407408 0.31615472222222224 0.6527114143518519 0.33003412962962964 0.6637593217592593 0.41539628472222223 0.6705220578703703 0.4320819097222222 0.6544684629629629