0 0.3289940115740741 0.6129690740740741 0.33554577546296294 0.6201075671296296 0.4097298611111111 0.636059162037037 0.42625595833333335 0.6341034097222222 0.4329544074074074 0.6214399212962962 0.42643931018518516 0.6093509351851851 0.3936560324074074 0.5769588078703703 0.3688913333333333 0.5765921041666666 0.33407896296296297 0.5952206342592592 0.3289940115740741 0.6129690740740741
2 0.36967363425925925 0.47098154398148145 0.3709326481481482 0.5239212824074074 0.4187507662037037 0.5327710555555556 0.44856374537037036 0.5203398125 0.4602004652777778 0.5097298611111112 0.4621195462962963 0.4735606898148148 0.45225522453703704 0.4678034467592593 0.3796479652777778 0.46188730092592595 0.36967363425925925 0.47098154398148145
2 0.41877521296296294 0.529470724537037 0.4501650162037037 0.5270749282407408 0.4621073217592592 0.47521085416666664 0.4439921782407407 0.46878132175925924 0.43569245833333337 0.47470969212962966 0.40289695833333333 0.44396772916666666 0.3863830833333334 0.44427331712962964 0.37790001157407405 0.474954162037037 0.38274049537037036 0.49020902083333334 0.37589536805555557 0.5226744907407407 0.41877521296296294 0.529470724537037
2 0.2692824837962963 0.6493827152777778 0.3106588449074074 0.6362425115740741 0.3290673518518518 0.6030680833333334 0.3439677314814815 0.5976775462962963 0.3573279560185185 0.5773010625 0.35767021064814813 0.5310964421296296 0.3313042407407408 0.5239946203703704 0.3196919675925926 0.5313042407407408 0.3147659189814815 0.527600537037037 0.2617161712962963 0.5563011851851852 0.23343112037037037 0.5853685347222223 0.21332355555555557 0.6250091689814815 0.21486370833333335 0.6399951111111112 0.2692824837962963 0.6493827152777778
2 0.3812859050925926 0.6865786574074074 0.4490893541666666 0.6722894513888888 0.4935215740740741 0.692421462962963 0.5068329050925926 0.6786456435185185 0.5120767638888889 0.6394450555555556 0.5058428078703704 0.5894022731481482 0.4910279907407407 0.5832416574074074 0.4842684259259259 0.6041559699074074 0.4661410578703704 0.5993766041666667 0.4334433449074074 0.5554333194444444 0.4286028587962963 0.540178462962963 0.40210243287037034 0.5512284560185186 0.3971152685185185 0.5557755787037036 0.3984598449074074 0.5971641597222223 0.4181151458333333 0.6185796365740741 0.41634274537037036 0.6349468287037037 0.4063561898148148 0.645691236111111 0.3882165995370371 0.6425620324074074 0.38483070601851854 0.6538442731481482 0.3748930439814815 0.6579880208333334 0.37315731712962963 0.6694047175925926 0.3812859050925926 0.6865786574074074
0 0.11433809953703704 0.39073462731481484 0.15491993750000002 0.4848551527777778 0.16941694212962963 0.5339200578703704 0.1743674375 0.5343234305555555 0.18781322453703703 0.5023957962962963 0.18855885416666668 0.40173572916666667 0.18197041898148147 0.3995477337962963 0.17238723842592593 0.35583669444444443 0.15262192824074072 0.3492727060185185 0.15270749305555556 0.33772155092592593 0.14451778703703702 0.32879843518518515 0.13134091203703704 0.3244224421296296 0.10980320370370371 0.33422564583333336 0.11433809953703704 0.39073462731481484
0 0 0.1514855972222222 0.00869087037037037 0.16417308333333333 0.0317320625 0.17430631944444444 0.07143381018518519 0.16433199074074076 0.10941205092592592 0.16412418981481483 0.11934971296296296 0.15998044212962964 0.11947194675925925 0.14347879166666666 0.13524630092592593 0.13155482175925926 0.19382715972222223 0.13632807638888889 0.19062461805555556 0.1228578425925926 0.14313653703703702 0.0694536111111111 0.1250580625 0.05807358333333333 0.09511062268518519 0.08865664351851851 0.009289819444444444 0.08331499768518517 0 0.08760787731481481 0 0.1514855972222222
0 0.3004644907407407 0.4521329907407407 0.32181884953703704 0.4670822638888889 0.3648087037037037 0.4590270138888889 0.39330155324074073 0.4019068564814815 0.3934849050925926 0.37715438194444445 0.3836939236111111 0.3614961481481482 0.35745018981481486 0.33789267824074076 0.3211832291666667 0.3299841087962963 0.2930937523148148 0.3326488217592593 0.27316953935185184 0.34753697685185186 0.2663121875 0.38165261111111115 0.3004644907407407 0.4521329907407407
2 0.5863464120370371 0.6438454953703704 0.5910891087962963 0.6723016759259259 0.6108421944444444 0.6805158310185185 0.6273927384259259 0.67525975 0.6357780208333333 0.6577802222222222 0.6309986574074075 0.6342745370370371 0.6112455694444444 0.6260603842592593 0.5930570833333334 0.6295318425925926 0.5863464120370371 0.6438454953703704
2 0.4898667638888889 0.7400073356481482 0.49969441435185186 0.7507150694444445 0.506295074074074 0.7512529027777778 0.5412052314814815 0.7194230532407407 0.5495538425925927 0.7068940231481482 0.5480625833333334 0.6853074189814814 0.5365480995370371 0.6794157199074073 0.49514729166666666 0.6958562523148147 0.4898667638888889 0.7400073356481482
0 0.4258036921296296 0.6951595162037038 0.42882288425925924 0.7333822268518518 0.4534897939814815 0.7469502499999999 0.4700281157407407 0.7433443356481482 0.48667644675925925 0.7248869328703704 0.4835839143518519 0.6965652106481482 0.45236523842592596 0.6758586967592592 0.4258036921296296 0.6951595162037038
0 0.2209020902777778 0.7164405324074075 0.22565700925925927 0.7432465462962964 0.24050849537037036 0.7444566666666667 0.27032147685185187 0.7320254236111111 0.28870553703703705 0.7021513263888889 0.2822148888888889 0.6867620092592593 0.2558733634259259 0.6763598587962962 0.2209020902777778 0.7164405324074075
0 0.4880943657407407 0.5334677916666667 0.4781200347222222 0.5425620347222222 0.47802224768518514 0.5557633541666667 0.5010145462962963 0.5724972476851852 0.5224789143518519 0.5725950370370371 0.5243368773148148 0.5446766898148149 0.5177851134259259 0.5375381990740741 0.4880943657407407 0.5334677916666667
2 0.5945116736111111 0.6560689398148148 0.6225278078703703 0.6633052199074074 0.715132625 0.6444322222222222 0.7235668009259258 0.620352037037037 0.715511550925926 0.5932771064814815 0.7192641481481481 0.5324899143518519 0.7161471689814816 0.507468525462963 0.6999266597222222 0.46817014814814817 0.7082141550925926 0.46389194675925927 0.6720205347222221 0.4460823865740741 0.6125534768518519 0.4494927268518519 0.594316099537037 0.4595648449074074 0.5712015648148148 0.45933259953703703 0.5480136898148148 0.46900134490740736 0.5594181643518519 0.4897445300925926 0.5543698819444445 0.5025424768518518 0.5609583171296296 0.504730474537037 0.5639041689814815 0.5528541736111111 0.5737807106481482 0.5569612523148147 0.5900623379629629 0.5880088009259259 0.5848307060185185 0.6255592222222222 0.5945116736111111 0.6560689398148148