2 0.7125 0.1890625 0.7390625 0.1421875 0.7359375 0.0671875 0.6984375 0.053125 0.6140625 0.05625 0.5953125 0.07187500000000001 0.5859375 0.1125 0.5859375 0.184375 0.603125 0.203125 0.6265625 0.2078125 0.6421875 0.2046875 0.6515625 0.190625 0.66875 0.1890625 0.675 0.1984375 0.7125 0.1890625
2 0.7703125 0.1828125 0.7671875 0.190625 0.7546875 0.1953125 0.75625 0.21875 0.790625 0.24375 0.8171875 0.25156249999999997 0.8390625 0.2328125 0.8296875 0.20625 0.821875 0.20625 0.79375 0.18125 0.7703125 0.1828125
2 0.6265625 0.278125 0.6171875 0.309375 0.6171875 0.3375 0.6265625 0.3453125 0.6484375 0.3453125 0.6578125 0.33125 0.6578125 0.28750000000000003 0.646875 0.278125 0.6265625 0.278125
2 0.6234375 0.3859375 0.6171875 0.434375 0.6453125 0.471875 0.6625 0.478125 0.68125 0.4546875 0.68125 0.3953125 0.6734375 0.3765625 0.646875 0.3640625 0.6234375 0.3859375
2 0.8046875 0.3640625 0.815625 0.39375 0.821875 0.3953125 0.8296875 0.3828125 0.8296875 0.3390625 0.821875 0.325 0.8015625 0.31875 0.8046875 0.3640625
2 0.7698203124999999 0.2996015625 0.7953546875 0.30250156250000004 0.8116046875 0.296121875 0.8139249999999999 0.264803125 0.7866500000000001 0.26828281249999997 0.772140625 0.2566828125 0.748346875 0.2816234375 0.7303562499999999 0.2701484375 0.7216515625 0.27988281249999997 0.6961171875 0.2810421875 0.6961171875 0.30134218749999997 0.7158484375 0.3007625 0.7274546875 0.31178125 0.748928125 0.3083015625 0.7698203124999999 0.2996015625
2 0.584375 0.1875 0.5296875 0.25 0.509375 0.29375 0.5046875000000001 0.3234375 0.5125000000000001 0.334375 0.5328125 0.3359375 0.5437500000000001 0.3453125 0.5421874999999999 0.340625 0.5703125 0.321875 0.5875 0.2328125 0.584375 0.1875
0 0.7671875 0.5984375 0.7828125 0.5625 0.76875 0.5187499999999999 0.7734375 0.496875 0.7453125 0.49375 0.7234375 0.5 0.71875 0.509375 0.72078125 0.530278125 0.7410921874999999 0.556378125 0.7225218750000001 0.5633374999999999 0.7234375 0.603125 0.7328125 0.6046875 0.7421875 0.596875 0.7671875 0.5984375
0 0.8109375 0.628125 0.815625 0.5859375 0.803125 0.5625 0.79375 0.5671875000000001 0.7890625 0.5890624999999999 0.7921875 0.6203125 0.8109375 0.628125
0 0.821875 0.6609375 0.8296875 0.6609375 0.8375 0.6140625 0.8296875 0.596875 0.8171875 0.5906250000000001 0.8171875 0.6515625 0.821875 0.6609375
0 0.7375 0.3234375 0.7359375 0.3421875 0.7453125 0.3765625 0.7703125 0.3796875 0.7984375 0.36875 0.80625 0.346875 0.7859375 0.3109375 0.759375 0.309375 0.7375 0.3234375
0 0.7703125 0.4875 0.7640625 0.5 0.7765625 0.5171875 0.7984375 0.5234375 0.815625 0.515625 0.81875 0.5031249999999999 0.8046875 0.4828125 0.784375 0.4796875 0.7703125 0.4875
2 0.853125 0.3453125 0.8578125 0.3296875 0.8734375 0.325 0.871875 0.3015625 0.859375 0.29062499999999997 0.853125 0.26406250000000003 0.846875 0.27499999999999997 0.825 0.2765625 0.8234375 0.2984375 0.7984375 0.3140625 0.8078125 0.3234375 0.809375 0.3359375 0.8234375 0.3390625 0.825 0.35 0.840625 0.3421875 0.853125 0.3453125
0 0.7828125 0.4671875 0.796875 0.4703125 0.7953125 0.4234375 0.775 0.403125 0.7625 0.4140625 0.7640625 0.4453125 0.7828125 0.4671875
2 0.6984375 0.384375 0.71875 0.39375 0.7359375 0.3765625 0.734375 0.3640625 0.725 0.35625 0.7171875 0.35625 0.6984375 0.371875 0.6984375 0.384375
2 0.5671875000000001 0.378125 0.5750000000000001 0.3453125 0.5593750000000001 0.3328125 0.5437500000000001 0.328125 0.5343749999999999 0.3328125 0.5328125 0.371875 0.5671875000000001 0.378125