2 0.5932544236111111 0.4467353958333333 0.5961562939814814 0.45681557870370376 0.6668703078703703 0.44696449074074074 0.6717067592592593 0.3867124837962963 0.667086675925926 0.376746849537037 0.6395952662037038 0.3785796111111111 0.5930889652777778 0.3508591064814815 0.5917525787037037 0.3766323032407407 0.6053455509259259 0.411683849537037 0.6004836458333332 0.4394043541666666 0.5932544236111111 0.4467353958333333
2 0.40328369444444445 0.6100801828703704 0.3781977847222222 0.5655211898148148 0.3818505787037037 0.4950744560185185 0.37640320833333335 0.46804123842592593 0.39119256712962963 0.413974800925926 0.3953162777777778 0.36746849768518514 0.3900470925925926 0.3369988541666667 0.32341860648148146 0.36712485648148147 0.2932289699074074 0.3879725092592593 0.2794832638888889 0.6200458171296297 0.37552500925925925 0.6170675810185186 0.40328369444444445 0.6100801828703704
0 0.31615120138888886 0.4412371134259259 0.30829833333333334 0.46059564814814813 0.3108438333333333 0.47754868287037033 0.36031564120370374 0.48109965509259256 0.3676975925925926 0.4378006875 0.36144838888888886 0.42623138657407406 0.32889143287037037 0.4266895763888889 0.31615120138888886 0.4412371134259259
0 0.4727631412037037 0.5249713611111111 0.46497390972222225 0.5100801828703704 0.4417207569444444 0.49621993287037036 0.4225531388888889 0.5026345949074075 0.3990581643518518 0.5264604814814815 0.3908489236111111 0.5526918680555556 0.40408552777777773 0.5946162662037038 0.4381825115740741 0.5974799537037037 0.46603029166666665 0.5887743425925925 0.4727631412037037 0.5249713611111111
0 0.6180348726851852 0.33207331018518516 0.6254422800925925 0.3213058425925926 0.6251240925925926 0.26139747916666667 0.5945526296296296 0.2565864837962963 0.5463535694444445 0.26151202777777777 0.5449280879629629 0.2890034375 0.5539900740740741 0.3123711319444445 0.5686521574074074 0.326804125 0.5972381319444444 0.3368843078703704 0.6180348726851852 0.33207331018518516
2 0.6355097361111112 0.3583046967592593 0.6477154120370371 0.3540664375 0.6485427013888889 0.3711340208333333 0.6672648611111112 0.3733104236111111 0.6782996064814815 0.2595647175925926 0.6751304583333334 0.2546391736111111 0.6236731574074074 0.25635738888888887 0.6182512407407408 0.2618556689814815 0.6182766944444444 0.29438717129629627 0.6272750416666667 0.3520045810185185 0.6355097361111112 0.3583046967592593
2 0.4716303935185185 0.34868270370370374 0.45998472916666666 0.3751431851851852 0.44046073611111114 0.38843069907407407 0.4378961435185185 0.4048682685185185 0.40848924537037035 0.4436426111111111 0.40878197685185186 0.47101947222222224 0.411683849537037 0.48109965509259256 0.4234440625 0.48545246296296296 0.45419371296296296 0.48682703240740743 0.47460862962962963 0.4563573888888889 0.47828687731481484 0.4184421527777778 0.4959144699074074 0.40870561342592593 0.5105511018518518 0.3906071018518518 0.5073564976851852 0.35315005555555556 0.49938907870370375 0.3416953032407407 0.4857324675925926 0.3408934699074074 0.4716303935185185 0.34868270370370374
2 0.6156930138888889 0.5753722800925926 0.5899198171296296 0.5770904930555555 0.5653302777777778 0.5890034351851852 0.5579228703703704 0.5997709050925926 0.573501337962963 0.6295532638888889 0.5956599212962963 0.6315005717592592 0.6183530624999999 0.6231386018518519 0.6283696064814814 0.5950744560185185 0.6156930138888889 0.5753722800925926
2 0.5391370740740741 0.40068728703703704 0.5596665393518518 0.40103092824074077 0.563077511574074 0.3682703333333333 0.5498663611111111 0.3588774351851852 0.5340460717592592 0.3667812152777778 0.5298969074074074 0.38075601388888886 0.5391370740740741 0.40068728703703704
2 0.5380297824074074 0.256930125 0.521853125 0.27170675694444446 0.5232404236111111 0.3109965625 0.5421407662037038 0.30973653935185186 0.5482754236111111 0.29049255555555553 0.5380297824074074 0.256930125
2 0.47642866203703704 0.35521191203703706 0.5005727361111111 0.3518900347222222 0.5052564606481481 0.3276059560185185 0.4956599212962963 0.31454753703703703 0.46662848611111113 0.3130584189814815 0.4681939675925926 0.3489117986111111 0.47642866203703704 0.35521191203703706
2 0.539518900462963 0.42634593287037037 0.5156421018518519 0.4245131736111111 0.4981926944444445 0.4308132870370371 0.49368715740740743 0.4516609398148148 0.5063637523148148 0.4713631157407407 0.5233676967592592 0.47365406481481487 0.5411734768518519 0.46048109953703703 0.5455008287037038 0.443069875 0.539518900462963 0.42634593287037037