0 0.27217412037037036 0.5762505995370371 0.2780423287037037 0.5823593078703704 0.3501563263888889 0.5877705625 0.36670274305555556 0.5835618078703704 0.37444684953703705 0.5701899953703704 0.36904762037037037 0.5592111574074073 0.3393939398148148 0.5319143819444444 0.31488696527777776 0.5349807615740741 0.2787638287037037 0.5581048587962963 0.27217412037037036 0.5762505995370371
2 0.324891775462963 0.4310846574074074 0.3215127476851852 0.48293650694444445 0.36812169212962964 0.4850168356481482 0.39874939814814814 0.4686748449074074 0.4112073125 0.45663780555555555 0.4162698402777778 0.42082732175925924 0.40699855555555553 0.4165343912037037 0.33556998379629627 0.42076719444444444 0.324891775462963 0.4310846574074074
2 0.3684343425925926 0.4817700833333333 0.39974747685185186 0.47507215046296297 0.41611351620370374 0.4224506967592593 0.39872534953703703 0.4186387685185185 0.3899831643518518 0.42561327546296296 0.36017315972222225 0.399939875 0.34378306712962964 0.4025252523148148 0.33269600925925924 0.4338504097222222 0.33615921064814813 0.44817219675925923 0.32653920138888887 0.48102453009259255 0.3684343425925926 0.4817700833333333
2 0.20982443518518518 0.6202982199074074 0.2519721018518518 0.6016594513888889 0.2731120717592593 0.5665103402777778 0.2883477638888889 0.5591510324074074 0.3033670023148148 0.5372775370370371 0.3077441064814815 0.49182299305555555 0.28223905787037035 0.48849206481481483 0.2700937939814815 0.49728234722222225 0.2655363148148148 0.4943241944444445 0.2104617615740741 0.5298701296296296 0.17989418055555556 0.5623496875 0.15650553009259258 0.6040885023148148 0.15672198148148148 0.6186026944444444 0.20982443518518518 0.6202982199074074
2 0.3175565185185185 0.6413540162037037 0.38599086111111114 0.6179292916666667 0.42825877777777777 0.6315656550925927 0.4426527175925926 0.6161856666666666 0.45127465046296295 0.576936025462963 0.4494708981481481 0.5286195277777778 0.43532948611111116 0.5246151990740741 0.4268037523148148 0.5461038958333334 0.40925925925925927 0.5439153449074074 0.38069985648148147 0.5052549305555556 0.37723665046296295 0.4909331412037037 0.35001202546296295 0.5054593564814814 0.34467291898148145 0.5106180856481481 0.34238816898148144 0.5511063009259259 0.35999278472222224 0.5694324212962963 0.35680615740740745 0.5857623865740741 0.3459716203703704 0.597703224537037 0.3282708032407407 0.5971380462962963 0.32392977314814814 0.6086940833333334 0.31372053935185185 0.6141414143518519 0.3110028842592593 0.62560125 0.3175565185185185 0.6413540162037037
0 0.07889610185185185 0.3875541111111111 0.11088263657407407 0.4744348240740741 0.1209595949074074 0.5206469444444445 0.12582972453703703 0.5203583449074074 0.14194324074074074 0.4871212106481482 0.1514790763888889 0.3880952384259259 0.14514189351851853 0.386856662037037 0.13946609027777776 0.3452260717592593 0.12045454629629629 0.34151034027777777 0.12154882175925925 0.33014670601851853 0.11421356481481482 0.32251082175925927 0.1015392037037037 0.3200336712962963 0.07934102777777777 0.33264790972222225 0.07889610185185185 0.3875541111111111
0 0 0.18136880324074073 0.01595719212962963 0.18629148611111113 0.05616883101851852 0.1709956712962963 0.09381914351851853 0.16553631481481482 0.10402837962962963 0.1600889837962963 0.10559163194444444 0.1438552175925926 0.12226431018518519 0.12995430555555554 0.17989417824074075 0.12653920138888888 0.17789802777777777 0.11374458796296295 0.13550986111111113 0.0678330925925926 0.11859066898148149 0.05915103472222222 0.08624338425925926 0.09335016898148148 0.001671476851851852 0.09997594907407407 0 0.10093627314814814 0 0.18136880324074073
0 0.25796055787037037 0.4221380462962963 0.27781385416666665 0.4338744606481481 0.32111592129629635 0.4200096203703704 0.3543410300925926 0.35993266203703705 0.3566859074074074 0.3355820115740741 0.3483525740740741 0.32154882175925925 0.324410775462963 0.30198412731481483 0.28916546296296297 0.2992303981481481 0.26109908564814815 0.3057359328703704 0.24005531481481482 0.323124099537037 0.23027897916666668 0.3575998078703704 0.25796055787037037 0.4221380462962963
2 0.5244829259259259 0.5709836458333334 0.5266955277777777 0.5982924490740741 0.5455507453703704 0.6036315532407407 0.5624098125 0.5961760462962963 0.5722462731481481 0.5778379027777778 0.5695646944444445 0.5553992314814815 0.5507094745370371 0.550060125 0.5323833587962963 0.5559884560185185 0.5244829259259259 0.5709836458333334
2 0.4204785949074074 0.6788359791666666 0.4292809027777778 0.687999037037037 0.43577440972222226 0.687614238425926 0.47314814814814815 0.651503125 0.48251563194444447 0.6380351134259259 0.4829244837962963 0.6170274189814814 0.4720298217592593 0.6128306875 0.4295695046296296 0.6347162106481482 0.4204785949074074 0.6788359791666666
0 0.3609187106481482 0.6436267430555556 0.36056998611111113 0.6807720046296296 0.3838263587962963 0.6906926412037037 0.40052910185185187 0.6848605092592592 0.4186387685185185 0.6644179884259259 0.41804954166666664 0.6370129884259259 0.3889249629629629 0.6209836458333333 0.3609187106481482 0.6436267430555556
0 0.1560245324074074 0.6928932175925927 0.15839345833333332 0.7185786435185185 0.17300384722222223 0.7177128425925926 0.20363155324074073 0.7013708518518519 0.224458875 0.6694684953703705 0.2193722939814815 0.6552429050925925 0.19417989583333334 0.6486652245370371 0.1560245324074074 0.6928932175925927
0 0.4367724884259259 0.47610630092592593 0.4260942754629629 0.4864237615740741 0.4248436736111111 0.4994107754629629 0.4461640208333333 0.5126743611111111 0.46742424074074074 0.5098003865740741 0.47170514583333334 0.4821067824074074 0.46583693981481483 0.4759980763888889 0.4367724884259259 0.47610630092592593
2 0.5315055300925926 0.5818662800925926 0.5586339583333333 0.585101011574074 0.65204425 0.5537397777777778 0.6625060115740742 0.5289081296296296 0.6568903310185185 0.5034151041666667 0.6659211157407408 0.4431577685185185 0.665019238425926 0.4189995185185185 0.652380951388889 0.3826238564814815 0.6609668101851852 0.37727272685185187 0.6266594537037037 0.36477874074074074 0.5674362662037037 0.3763588263888889 0.548484849537037 0.3887806643518519 0.52560125 0.39175084259259263 0.5017797013888889 0.4044612800925926 0.5112674375 0.42326839814814815 0.5051467060185185 0.43654401157407413 0.5114838865740741 0.43778258796296293 0.5101972106481482 0.4846681111111111 0.5196248194444445 0.487337662037037 0.5330447314814815 0.5155964421296296 0.5245791249999999 0.5532227037037037 0.5315055300925926 0.5818662800925926