2 0.3747203564814815 0.19530201388888888 0.38579418518518516 0.21070096990740741 0.4027964212962963 0.2145538148148148 0.42762863425925923 0.2102659699074074 0.4447427291666667 0.19067859953703703 0.4395973148148148 0.11349739120370371 0.4266219236111111 0.06957494444444444 0.4053691296296296 0.05219984953703704 0.31454138657407404 0.04615958333333334 0.2752796435185185 0.06006711574074074 0.2772930648148148 0.14050459953703703 0.3091722592592593 0.19168530787037039 0.35011185648148146 0.20294556481481482 0.356152125 0.19307730555555555 0.3747203564814815 0.19530201388888888
2 0.18456375925925925 0.20641312499999998 0.17639821064814815 0.2346383287037037 0.20123042592592594 0.25546855555555553 0.22919462962962964 0.2479244351851852 0.26431767361111114 0.22217250694444443 0.26431767361111114 0.19705443749999998 0.2505592824074074 0.19162316666666668 0.2466442962962963 0.18313447685185183 0.22136465277777778 0.18071091203703704 0.19295302083333332 0.20666169675925924 0.18456375925925925 0.20641312499999998
2 0.3780760648148148 0.34610986805555555 0.3891498888888889 0.36150882407407403 0.41263982175925923 0.3622048217592593 0.42214765046296293 0.35411384490740744 0.42013422685185187 0.32391250231481483 0.40782997916666663 0.2900571712962963 0.3860178981481482 0.2894108888888889 0.37494407175925926 0.29913000231481485 0.3780760648148148 0.34610986805555555
2 0.3574944074074074 0.41415610185185187 0.3617449652777778 0.4779144907407407 0.3835570462962963 0.5036788472222222 0.40156599537037035 0.49751429166666666 0.42908277314814813 0.4581406898148148 0.4189038032407407 0.4059284097222222 0.39217002314814814 0.38169276620370374 0.36454138657407403 0.3942704444444444 0.3574944074074074 0.41415610185185187
2 0.19407158796296298 0.34903057407407406 0.1972035787037037 0.3960104398148148 0.20648769675925926 0.4096818310185185 0.2130872476851852 0.40820283564814813 0.22270693518518517 0.3766716365740741 0.22281879166666665 0.32811334722222224 0.20145413888888888 0.3341784745370371 0.19407158796296298 0.34903057407407406
2 0.3135730439814815 0.3115250810185185 0.3348024606481481 0.3127753541666667 0.3333492175925926 0.29097669444444446 0.30584675694444446 0.28891930092592594 0.2958025717592592 0.2781893240740741 0.27730525694444447 0.2899390625 0.24996946296296296 0.26240013657407407 0.23521934953703705 0.2743948680555556 0.2056816550925926 0.26979047916666665 0.2104153240740741 0.30349517824074074 0.22832169907407407 0.31086287500000004 0.25553355555555557 0.3085612106481481 0.2785909398148148 0.3185682199074074 0.30189877083333333 0.32298802083333333 0.3135730439814815 0.3115250810185185
2 0.5029082754629629 0.3598558287037037 0.5015659953703704 0.3648396712962963 0.5126398217592593 0.3551205578703704 0.5343400462962963 0.3540889884259259 0.5419463101851851 0.3425925925925926 0.5347874722222222 0.31056425694444445 0.509843400462963 0.26293810648148147 0.44664429629629626 0.19408401620370372 0.44653243750000005 0.24264230555555558 0.47136465509259257 0.33882674768518517 0.5029082754629629 0.3598558287037037
0 0.3270693518518519 0.6359681828703704 0.32520425000000003 0.5932724837962964 0.3047647638888889 0.5852084768518518 0.32470671064814816 0.5578278657407407 0.3253914976851852 0.5354461828703704 0.31968680092592594 0.5252299282407408 0.2957494421296296 0.5178225208333334 0.2657718125 0.5202833703703704 0.27237136342592594 0.5439224467592593 0.2604026828703704 0.5904548842592593 0.2797539143518519 0.6295426296296297 0.30648769675925924 0.6286602037037037 0.3171140925925926 0.6373477523148148 0.3270693518518519 0.6359681828703704
0 0.24899328935185186 0.5951404421296296 0.23859060416666666 0.5898086018518518 0.2268456388888889 0.6145786736111112 0.23489932870370372 0.6600298287037036 0.25447427314814813 0.652237136574074 0.2555928402777778 0.6187795162037036 0.24899328935185186 0.5951404421296296
0 0.2125279652777778 0.6258762106481481 0.20536912731481483 0.6440840162037037 0.2171140949074074 0.6946681574074075 0.22550335648148148 0.6949167291666667 0.22986577314814816 0.6849987569444445 0.22550335648148148 0.6195625162037037 0.2125279652777778 0.6258762106481481
0 0.2197986574074074 0.3581655486111111 0.22975391435185186 0.38190405092592594 0.26073825462962963 0.39454387268518515 0.28736018055555557 0.3919835949074074 0.2949664444444445 0.3553691273148148 0.2919463101851852 0.3351851851851852 0.26744966435185186 0.31938851620370373 0.23903803240740742 0.32022122685185184 0.2197986574074074 0.3581655486111111
0 0.21756152083333333 0.5255530717592592 0.22181208101851851 0.5390753171296296 0.24082774074074073 0.5480114328703704 0.26387024537037035 0.5419960231481481 0.2760626388888889 0.5239373587962963 0.26845637499999997 0.5103156828703704 0.2527964212962963 0.5014789953703703 0.23120805324074073 0.5041884166666667 0.21756152083333333 0.5255530717592592
2 0.20078299768518518 0.3492294305555555 0.21565995601851853 0.3463211550925926 0.2164429537037037 0.33294804861111116 0.22583892592592592 0.32317921990740744 0.19787471990740743 0.30560526851851855 0.1946308726851852 0.2820656226851852 0.17102908333333333 0.27969177083333335 0.16353467592592594 0.26774794907407407 0.15872483333333334 0.2960725810185185 0.14608501157407408 0.3074198356481482 0.14608501157407408 0.3325379074074074 0.1631991041666667 0.33806860648148146 0.16935123148148148 0.3549962708333333 0.18255033564814815 0.35203827777777774 0.19988814351851852 0.3609246851851852 0.20078299768518518 0.3492294305555555
0 0.2573825486111111 0.41956251620370366 0.2370246087962963 0.4407283125 0.23870246064814815 0.4910141689814815 0.25357941666666667 0.48810589120370373 0.27214765046296296 0.4652125277777778 0.27158836574074074 0.43170519444444444 0.2573825486111111 0.41956251620370366
2 0.30771812037037033 0.3708177962962963 0.2982102916666666 0.37890877314814814 0.2974272939814815 0.3922818796296296 0.3171140925925926 0.41128511111111116 0.3382550347222222 0.40186428009259256 0.33736017824074077 0.38844146296296295 0.31610738194444443 0.37106636805555554 0.30771812037037033 0.3708177962962963
2 0.5003355694444445 0.34638329629629633 0.48389261805555556 0.35091971064814814 0.4680089490740741 0.3638453888888889 0.4787472037037037 0.39932885879629626 0.5152125277777778 0.39371116203703704 0.5107382546296296 0.35171513657407405 0.5003355694444445 0.34638329629629633