2 0.44523725 0.48023902546296293 0.49254525925925924 0.4702993726851852 0.4815998101851852 0.40675659722222224 0.46857176620370367 0.3884155717592592 0.44924861111111114 0.3882380787037037 0.44522541666666665 0.39658028703703707 0.40394036111111115 0.41894450231481484 0.4038220347222222 0.4511300439814815 0.41983197222222224 0.48372973611111114 0.4378653425925926 0.48722044675925924 0.44523725 0.48023902546296293
0 0.5172050625 0.4089456851851852 0.4942255370370371 0.4042125185185185 0.4874689375 0.41758371759259255 0.4859661597222222 0.4353922615740741 0.49681694444444446 0.48124482407407404 0.5170630694444445 0.4910069814814815 0.5360785694444444 0.48798958796296293 0.5416045439814815 0.46183883564814815 0.5172050625 0.4089456851851852
0 0.3891255462962963 0.3653413796296296 0.3906046620370371 0.39740859027777775 0.4014199490740741 0.4094781689814815 0.4389894699074074 0.3986510462962963 0.4518281851851852 0.38161164351851856 0.4378771759259259 0.35368595370370365 0.4168027453703704 0.3520293472222222 0.3891255462962963 0.3653413796296296
0 0.7811383263888888 0.29286475 0.779753875 0.2784877523148148 0.8059874583333333 0.26689149305555554 0.8135723587962963 0.24541474305555558 0.8104366342592593 0.22955863194444445 0.8000828310185185 0.22228138657407406 0.7486569652777777 0.2228730324074074 0.7067210995370371 0.20506448842592592 0.6214412500000001 0.20494615972222224 0.5650100578703704 0.22038812037037037 0.5291326481481482 0.2487871273148148 0.5268607268518518 0.2586084490740741 0.5324221990740741 0.26624068287037034 0.5544195972222222 0.2774819560185185 0.5737427523148148 0.27765944675925924 0.5767246481481482 0.2919181157407407 0.5886758981481481 0.2990770324074074 0.6174298912037037 0.2969471064814815 0.6538989467592593 0.3248136296296296 0.6716246597222223 0.3251094537037037 0.6987812083333333 0.32309785879629627 0.7173352268518519 0.31528813194444444 0.7228020347222222 0.3052301504629629 0.7692817407407406 0.30339604861111114 0.7811383263888888 0.29286475
0 0.6053484791666667 0.4555082222222222 0.6534256296296297 0.45355579166666665 0.674559224537037 0.43911962962962964 0.6650337222222222 0.4237368356481482 0.6386463148148148 0.4337356527777778 0.5764643240740741 0.40616495138888886 0.5382794930555556 0.4106022962962963 0.5364690578703704 0.42521595138888885 0.5453200810185185 0.4503017384259259 0.589989349537037 0.46308129398148146 0.6053484791666667 0.4555082222222222
0 0.6932670694444445 0.432907349537037 0.705525974537037 0.4432611527777778 0.7093716712962963 0.48319725462962965 0.7203407893518519 0.49686427777777775 0.7364690555555555 0.49727842824074076 0.7372381967592593 0.505265650462963 0.8161519328703704 0.45598154166666666 0.8226008773148149 0.43941545370370366 0.8159626087962963 0.4206011111111111 0.7653650462962963 0.41308720833333334 0.7386699791666667 0.41989113888888885 0.7043545162037037 0.41438883101851853 0.6936338912037037 0.42000946527777777 0.6932670694444445 0.432907349537037
0 0.6454739074074074 0.4879304236111111 0.6435096435185186 0.5009466342592592 0.6646195717592592 0.5363862268518519 0.6871376157407408 0.5363270625 0.7175482175925927 0.5179860393518518 0.7041178541666667 0.47875990972222227 0.6745947222222222 0.4729026157407407 0.6454739074074074 0.4879304236111111
2 0.6151579699074075 0.5239616620370371 0.6291326481481482 0.5020115972222222 0.6181635324074074 0.48834457407407406 0.5902378402777777 0.4823689513888889 0.49964501157407404 0.4939060462962963 0.5032422199074075 0.5145544907407408 0.5276062013888889 0.5336646550925925 0.5447166018518519 0.5275707013888888 0.572488462962963 0.5319488819444445 0.6151579699074075 0.5239616620370371
0 0.8190273333333334 0.5860844861111111 0.7963554606481481 0.5845462083333334 0.7739320787037037 0.6022955856481481 0.7716601574074075 0.6121169097222222 0.778819074074074 0.6196308125000001 0.8170985694444445 0.6328836828703704 0.8230268587962962 0.6276180324074074 0.8275707013888889 0.6079753865740741 0.8190273333333334 0.5860844861111111
0 0.48800141898148147 0.48994201851851854 0.46966039583333336 0.4832564212962963 0.4351319375 0.4922494375 0.4325523587962963 0.4988758726851852 0.445367412037037 0.5317122222222223 0.46524671759259256 0.5543722638888889 0.4895160324074074 0.5557922152777778 0.5020470949074074 0.5355579212962963 0.48800141898148147 0.48994201851851854
0 0.41462548842592595 0.8139273449074074 0.40654360416666663 0.7968287777777777 0.3776949467592593 0.781268488425926 0.30596379166666665 0.7881907476851852 0.2829250972222222 0.7995503495370371 0.2382558287037037 0.7867707962962962 0.19991716898148149 0.7896106967592593 0.20769139814814816 0.8035143773148148 0.29337356712962964 0.8245178078703703 0.4055023078703704 0.8194296527777778 0.41462548842592595 0.8139273449074074
2 0.3862974791666667 0.5698733888888889 0.3910543148148148 0.5357354143518519 0.37999053240740743 0.5043781805555556 0.3744527268518518 0.4468701944444444 0.36585019444444444 0.4410720625 0.3533782986111111 0.44521358333333333 0.3247544675925926 0.49881670833333336 0.33213820833333335 0.5754940254629629 0.34568690046296296 0.5825346111111112 0.37892556944444444 0.5768548101851851 0.3862974791666667 0.5698733888888889
2 0.46495089351851854 0.6348361134259259 0.4568690092592593 0.6177375462962963 0.4288486574074074 0.5940717060185186 0.3547509189814815 0.5931250740740741 0.3054786435185185 0.6160809375 0.3240681574074074 0.6420541967592592 0.35678617824074077 0.6476748310185185 0.3704887013888889 0.6563128634259259 0.45051473148148147 0.6519938472222222 0.46495089351851854 0.6348361134259259