2 0.46645230555555556 0.5823984768518519 0.45659163888888893 0.5863999050925925 0.45702036574074073 0.6519233055555556 0.5131832800925926 0.6489460509259259 0.5231511249999999 0.6433369050925926 0.5248660231481481 0.6176134328703704 0.556806 0.5702393703703704 0.5326902453703704 0.5722043587962963 0.4979635578703704 0.5894247939814815 0.4724544490740741 0.5883053472222222 0.46645230555555556 0.5823984768518519
2 0.33633440509259255 0.42350839583333333 0.38145766203703707 0.3942479467592592 0.4473740625 0.3888769814814815 0.4735262592592593 0.380350125 0.5226152199074074 0.38754317129629634 0.5659163981481482 0.3856139097222222 0.5952840300925927 0.37682505787037035 0.5752411574074073 0.31769679629629627 0.559378349537037 0.29180659722222224 0.34244372916666665 0.3078837685185185 0.333226150462963 0.3981779212962963 0.33633440509259255 0.42350839583333333
0 0.5063236851851852 0.32011432638888887 0.48906752314814816 0.31512444907407405 0.4727759907407407 0.31964987499999997 0.46323687037037037 0.3667976666666667 0.5031082523148148 0.368345837962963 0.5147909976851852 0.360997974537037 0.5184351574074074 0.33032035416666666 0.5063236851851852 0.32011432638888887
0 0.4078242245370371 0.4784446828703704 0.4228295810185185 0.4692271041666667 0.43879957175925927 0.44554007407407403 0.435155412037037 0.4282481828703704 0.4156484467592592 0.40905085185185186 0.3919614166666667 0.40458496990740744 0.35080385879629633 0.4223294027777778 0.34383708333333335 0.45487674074074075 0.3485530532407407 0.48007621759259256 0.4078242245370371 0.4784446828703704
0 0.5713826365740741 0.5914374189814815 0.5806002152777777 0.5970822916666667 0.6370846712962963 0.5892818865740741 0.6454448009259259 0.5598189837962964 0.6468381574074074 0.5149339050925926 0.6211146828703704 0.5170298935185185 0.5979635578703705 0.5285101828703703 0.5825294745370371 0.5441586273148148 0.5694533773148148 0.5724068125 0.5713826365740741 0.5914374189814815
2 0.5444801712962962 0.6112182916666667 0.5469453356481482 0.6222103148148148 0.5307609861111111 0.6251280231481481 0.5263665578703703 0.6430749074074074 0.6321543425925925 0.6392521134259259 0.6371918541666667 0.6356436828703704 0.6420150069444445 0.5872811712962963 0.6375133958333333 0.5828510185185185 0.6068595925925926 0.5869477175925927 0.5514469444444444 0.6026557106481482 0.5444801712962962 0.6112182916666667
2 0.5740621643518519 0.45530546527777777 0.5505894976851852 0.4476241527777778 0.5405144699074074 0.43085625694444446 0.5253483402777778 0.4304930347222222 0.4924973217592593 0.4075860416666667 0.4666666666666667 0.41128974537037033 0.45680600231481483 0.4152911759259259 0.4512325833333333 0.42693819212962963 0.4460878888888889 0.4561390972222222 0.4722400856481482 0.4715969976851852 0.5075026805555556 0.4703227337962963 0.5144694537037037 0.48574490740740744 0.5296891736111111 0.4972966550925926 0.5653804930555556 0.4895915208333333 0.5771704166666667 0.48063593981481484 0.5796355833333333 0.4676432060185185 0.5740621643518519 0.45530546527777777
2 0.34244372916666665 0.6196856018518518 0.34405144675925925 0.5955698449074075 0.3359056805555556 0.5738478032407408 0.3266881041666667 0.5682029282407407 0.2966773842592592 0.5866380856481481 0.2920685972222222 0.6078004050925926 0.2971061111111111 0.6281767291666667 0.3222936759259259 0.6341193287037037 0.34244372916666665 0.6196856018518518
2 0.5166130763888889 0.5255448379629629 0.5137191851851852 0.5449684421296296 0.5441586296296296 0.5440871736111111 0.5546623796296296 0.5304394421296296 0.5491961412037037 0.5164939837962963 0.5365487662037037 0.5143265462962963 0.5166130763888889 0.5255448379629629
2 0.652197212962963 0.5065023217592592 0.6403001064814815 0.4930808634259259 0.6031082523148148 0.49930927546296294 0.6019292592592592 0.5169941643518519 0.6192926041666666 0.5203763240740741 0.652197212962963 0.5065023217592592
2 0.5673097523148148 0.46065261574074073 0.5674169351851851 0.4830296527777778 0.5897106087962963 0.48441109953703704 0.6032154351851852 0.4737168032407407 0.6082529467592592 0.4461236157407407 0.5742765277777777 0.4520900324074074 0.5673097523148148 0.46065261574074073
2 0.4923901388888889 0.5291175416666667 0.4971061087962963 0.5063475069444444 0.49335477083333334 0.4906633310185185 0.4742765277777778 0.489019886574074 0.45412647222222224 0.5034536157407408 0.44983922916666663 0.5197927824074073 0.46002143518518523 0.5349529606481481 0.4758842453703704 0.536858400462963 0.4923901388888889 0.5291175416666667