2 0.6152568703703705 0.5816129027777778 0.611971326388889 0.5412903217592593 0.6012783773148148 0.508494625 0.5811350046296296 0.49752688194444444 0.5587813611111111 0.5184946226851852 0.5591397847222223 0.5425806458333333 0.5759856643518518 0.5918279583333333 0.5814814814814815 0.6002150532407408 0.5994862592592592 0.6046236550925926 0.6152568703703705 0.5816129027777778
2 0.5123297476851851 0.5587096759259259 0.5180525694444444 0.5895698935185185 0.536451613425926 0.5988172037037037 0.543727599537037 0.5896774189814815 0.5367861412037037 0.5635483888888889 0.5213500578703704 0.5512903217592593 0.5148984467592592 0.5508602152777777 0.5123297476851851 0.5587096759259259
2 0.21014336805555556 0.63 0.2324611712962963 0.6282795694444444 0.22403823148148147 0.6036559143518518 0.16561529166666666 0.5756989236111111 0.15985663194444444 0.5640860231481482 0.11354838888888888 0.5273118287037037 0.09916368055555555 0.5279569884259259 0.09847072916666667 0.5391397847222222 0.14234169444444444 0.5853763425925925 0.16034647685185185 0.5897849467592592 0.21014336805555556 0.63
2 0.25247311805555556 0.8541935486111112 0.41074074074074074 0.8278494629629629 0.41949820833333334 0.817204300925926 0.43724014351851853 0.8183870972222222 0.4498207893518519 0.7759139791666667 0.4623297476851852 0.7719354837962963 0.4603584236111111 0.7477419375 0.4661529282407407 0.7401075277777778 0.42744325 0.7375268819444444 0.31838709722222225 0.7575268819444445 0.1979330949074074 0.8345161296296296 0.19279569907407407 0.8502150532407408 0.25247311805555556 0.8541935486111112
2 0.3547192361111111 0.3765591412037037 0.33931899768518514 0.34505376388888886 0.3026523287037037 0.32817204166666664 0.2856989236111111 0.33666666666666667 0.2790800462962963 0.35387096759259257 0.28401433796296294 0.3750537638888889 0.3050776574074074 0.3973118263888889 0.3269653518518518 0.41000000000000003 0.35224611805555556 0.40526881712962964 0.3547192361111111 0.3765591412037037
2 0.13830346527777776 0.29956989351851854 0.14916368055555557 0.3147311828703704 0.2189127824074074 0.3241935486111111 0.22395459953703703 0.2876344097222222 0.21984468287037037 0.25688171990740744 0.2 0.22989247222222223 0.16481481481481483 0.211505375 0.14532855324074073 0.20860215046296296 0.13146953472222223 0.2156989259259259 0.12419354861111111 0.22483870833333336 0.1268219837962963 0.25709677314814816 0.13830346527777776 0.29956989351851854
2 0.41939068055555556 0.4418279560185185 0.44292712037037035 0.4353763449074074 0.4401672638888889 0.4015053773148148 0.39138590046296295 0.3934408587962963 0.37739546064814816 0.3989247314814815 0.38338112268518515 0.4330107523148148 0.41939068055555556 0.4418279560185185
2 0.36230585416666666 0.2727956990740741 0.3661887685185185 0.2810752685185185 0.3828434884259259 0.28860215046296295 0.4419952222222222 0.2861290324074074 0.44611708333333333 0.23827956944444445 0.43459975925925926 0.21505376157407408 0.35412186342592594 0.19204300925925927 0.33891278472222225 0.20225806481481481 0.3384826759259259 0.21666666666666665 0.3432497013888889 0.2554838703703704 0.3526284351851852 0.27215053703703707 0.36230585416666666 0.2727956990740741
2 0.07329749074074074 0.4861290324074074 0.0749820787037037 0.44774193518518524 0.05339306944444444 0.41903225694444446 0.03315113425925926 0.40685483796296296 0.03995878240740741 0.4904032268518519 0.0611827962962963 0.49494623611111116 0.07329749074074074 0.4861290324074074
2 0.09646356249999999 0.31763440972222223 0.10077658333333332 0.3115053773148148 0.0844205486111111 0.28795698842592593 0.023368037037037034 0.2867895555555556 0.025904685185185183 0.31792114583333336 0.06473118287037037 0.32193548379629633 0.09646356249999999 0.31763440972222223
2 0.3298924745370371 0.4262365601851852 0.30356033564814816 0.4180645162037037 0.29651134953703706 0.4496774189814815 0.3028912800925926 0.4886021527777778 0.3209916365740741 0.5138709675925925 0.32945041898148153 0.5192473125 0.3388649953703704 0.5166666666666666 0.3430824375 0.4896774189814815 0.3298924745370371 0.4262365601851852
2 0.5201075277777778 0.28010752777777775 0.5384707291666667 0.30860215046296297 0.5630227013888889 0.3343010763888889 0.5830346481481482 0.34365591435185183 0.6097968935185185 0.3374193541666667 0.6057586597222223 0.2681720416666667 0.5864755092592593 0.2283870972222222 0.5753166064814815 0.22924731250000002 0.5565232962962963 0.21516128935185183 0.5323297476851852 0.21354838657407407 0.5157706087962963 0.22688171990740738 0.5106332129629629 0.24258064583333333 0.5201075277777778 0.28010752777777775
0 0.7209673472222222 0.26461881712962965 0.7810140277777777 0.47000107638888894 0.7840556273148148 0.5663913981481481 0.7210050902777778 0.6391387106481482 0.5877908379629629 0.6382736574074074 0.6519337037037037 0.697055375 0.7406066180555555 0.722205375 0.9007522939814815 0.7385973125 0.9190557592592592 0.7269844097222221 0.9235360462962964 0.7032209675925926 0.9120545648148147 0.660747849537037 0.888972125 0.49558655787037037 0.8705491875 0.42698440740740745 0.8507403472222222 0.38074784953703705 0.8124368819444444 0.3044037638888889 0.7739661527777778 0.24569408564814813 0.7593186018518518 0.24311344212962963 0.7209673472222222 0.26461881712962965
2 0.7506093194444444 0.5890322569444445 0.7585782569444445 0.5687096782407407 0.7535244907407408 0.46731182638888885 0.7484587824074075 0.4445161296296296 0.7305854236111111 0.44172042824074076 0.7286738333333334 0.4576344074074074 0.7197849467592592 0.4666666666666667 0.7294145740740741 0.5651612893518518 0.733954599537037 0.581505375 0.7506093194444444 0.5890322569444445
2 0.5596176828703704 0.6468817222222222 0.4832855439814815 0.6353763449074074 0.47278375231481484 0.6443010763888888 0.47409796990740743 0.6604301087962964 0.5121146944444445 0.6741935486111111 0.5592831550925926 0.682150537037037 0.576105136574074 0.6720430092592593 0.5749223425925926 0.6575268819444444 0.5596176828703704 0.6468817222222222
2 0.06264038194444445 0.4340860208333333 0.07672640509259258 0.4494623657407408 0.08004778935185185 0.47053763425925926 0.08985662962962963 0.47279569907407404 0.10459976157407408 0.49623656018518514 0.11480286805555556 0.5033333333333333 0.1291875763888889 0.5026881736111112 0.13655913888888888 0.5144086018518519 0.16786140972222224 0.5245161296296297 0.1846833935185185 0.5144086041666667 0.17320191203703705 0.4719354837962963 0.14581839814814815 0.4508602152777778 0.06869772916666667 0.4296774189814815 0.06264038194444445 0.4340860208333333
2 0.28575866203703704 0.16021505324074073 0.22795698842592593 0.15956989120370368 0.21314217361111112 0.17462365509259262 0.1395101550925926 0.1568817199074074 0.0569534050925926 0.16741935648148148 0.05474313194444444 0.19935484027777778 0.06721624768518518 0.2146236550925926 0.1256750300925926 0.22333333333333336 0.14743130092592593 0.23440860185185186 0.259773 0.2547311828703704 0.3564157685185185 0.2595698912037037 0.36744325000000005 0.25709677314814816 0.36543608101851854 0.25215053703703705 0.3821266435185185 0.2404301087962963 0.3727479097222222 0.22376343981481484 0.3761409791666667 0.20634408564814816 0.34553166203703706 0.1850537638888889 0.3113978495370371 0.1795698912037037 0.28575866203703704 0.16021505324074073