2 0.5375 0.45625 0.5140625 0.478125 0.5125000000000001 0.5015625 0.525 0.5484375 0.5296875 0.55625 0.546875 0.5593750000000001 0.5640625 0.5359375000000001 0.5640625 0.496875 0.55625 0.465625 0.5375 0.45625
2 0.46875 0.5499999999999999 0.4859375 0.5578124999999999 0.49375 0.5484375 0.4890625 0.5234375 0.475 0.5125000000000001 0.46875 0.5125000000000001 0.465625 0.5203125000000001 0.46875 0.5499999999999999
2 0.121875 0.5484375 0.0796875 0.515625 0.065625 0.5171875 0.06406250000000001 0.5281250000000001 0.103125 0.5703125 0.1203125 0.5734374999999999 0.165625 0.609375 0.1875 0.60625 0.18125 0.5828125000000001 0.1265625 0.5593750000000001 0.121875 0.5484375
2 0.4 0.7078125 0.40625 0.7 0.36875 0.7 0.2609375 0.7265625 0.13749999999999998 0.809375 0.13125 0.825 0.1890625 0.825 0.3453125 0.7890625 0.3546875 0.778125 0.371875 0.778125 0.3875 0.7359375 0.4 0.73125 0.4 0.7078125
2 0.2625 0.31875 0.2546875 0.3359375 0.2578125 0.35625 0.2765625 0.3765625 0.296875 0.3875 0.321875 0.38125 0.3265625 0.353125 0.3140625 0.3234375 0.27968750000000003 0.309375 0.2625 0.31875
2 0.1875 0.2203125 0.1546875 0.2046875 0.13593750000000002 0.203125 0.121875 0.2109375 0.1140625 0.2203125 0.1140625 0.25156249999999997 0.121875 0.2921875 0.13125 0.30625 0.1984375 0.3109375 0.20625 0.27499999999999997 0.2046875 0.2453125 0.1875 0.2203125
2 0.384375 0.4125 0.4078125 0.4046875 0.4078125 0.371875 0.3609375 0.3671875 0.346875 0.3734375 0.35 0.40625 0.384375 0.4125
2 0.4171875 0.190625 0.340625 0.1734375 0.325 0.184375 0.3234375 0.1984375 0.325 0.2359375 0.3328125 0.25156249999999997 0.3421875 0.25156249999999997 0.3453125 0.25937499999999997 0.3609375 0.265625 0.41875 0.25937499999999997 0.4265625 0.2125 0.4171875 0.190625
2 0 0.4828125 0.03125 0.4875 0.04375 0.478125 0.0484375 0.440625 0.0296875 0.4140625 0.0046875 0.4 0 0.403125 0 0.4828125
2 0 0.3140625 0.00625 0.3171875 0.0484375 0.31875 0.0796875 0.3125 0.084375 0.30625 0.0703125 0.284375 0.0046875 0.28750000000000003 0 0.3140625
2 0.26406250000000003 0.428125 0.26718749999999997 0.465625 0.28281249999999997 0.4890625 0.29062499999999997 0.49375 0.3 0.490625 0.30625 0.4640625 0.2984375 0.403125 0.2734375 0.396875 0.26406250000000003 0.428125
2 0.5640625 0.19375 0.553125 0.1953125 0.5359375000000001 0.1828125 0.5125000000000001 0.1828125 0.4953125 0.196875 0.4890625 0.2125 0.4953125 0.2484375 0.5109374999999999 0.27499999999999997 0.5328125 0.2984375 0.5515625000000001 0.30625 0.578125 0.2984375 0.5796875 0.23125 0.5640625 0.19375
0 0.8375 0.4343703125 0.825 0.36874531250000003 0.809375 0.3249953125 0.778125 0.2531203125 0.7453125 0.1984328125 0.73125 0.19687031249999998 0.6921875 0.22030781249999998 0.734375 0.416459375 0.7296875 0.51015 0.6625 0.5851031250000001 0.5328125 0.5929109375 0.5906250000000001 0.6460015625 0.675 0.6647406250000001 0.8296875 0.6703078124999999 0.8484375 0.6578078125 0.8546875 0.6343703125 0.846875 0.5937453125 0.8375 0.4343703125
2 0.7046875 0.39375 0.6875 0.3921875 0.684375 0.4078125 0.675 0.4171875 0.6765625 0.5125000000000001 0.6796875 0.5281250000000001 0.6953125 0.5343749999999999 0.7046875 0.5140625 0.7078125 0.415625 0.7046875 0.39375
2 0.4203125 0.60625 0.4203125 0.621875 0.45625 0.6328125 0.5015625 0.6375 0.5187499999999999 0.6265625 0.5187499999999999 0.6125 0.5046875000000001 0.603125 0.43125 0.596875 0.4203125 0.60625
2 0.103125 0.5015625 0.1328125 0.509375 0.15 0.4984375 0.1421875 0.4578125 0.1171875 0.4390625 0.04375 0.4234375 0.0375 0.428125 0.05 0.4421875 0.0515625 0.4625 0.0609375 0.4640625 0.0734375 0.4859375 0.0828125 0.4921875 0.096875 0.490625 0.103125 0.5015625
2 0.346875 0.23125 0.3640625 0.21875 0.35625 0.203125 0.3609375 0.1859375 0.3328125 0.1671875 0.3 0.1640625 0.2765625 0.146875 0.2203125 0.15 0.2046875 0.165625 0.134375 0.153125 0.053125 0.16875 0.0484375 0.2 0.059375 0.2140625 0.115625 0.21875 0.13593750000000002 0.228125 0.24375 0.240625 0.3375 0.2390625 0.3484375 0.2359375 0.346875 0.23125