2 0.4987138263888889 0.5573538148148148 0.5389067523148148 0.5567583657407407 0.5706442777777778 0.5482434212962963 0.5792902222222223 0.5288079097222222 0.555531738425926 0.5050256041666666 0.5313326180555555 0.5037751574074074 0.4837680115740741 0.5173514351851852 0.47597951851851855 0.5222936759259259 0.4736810763888889 0.540026199074074 0.4987138263888889 0.5573538148148148
2 0.5095391203703704 0.45582946296296295 0.479159224537037 0.45949743981481483 0.4720376319444444 0.47730141666666664 0.48210075 0.48519709490740737 0.5075741342592592 0.47999285416666665 0.5180778842592593 0.46535667592592594 0.5177444328703703 0.45892580787037035 0.5095391203703704 0.45582946296296295
2 0.4018935347222222 0.14850541898148148 0.40627605092592595 0.17096582175925926 0.4300583541666667 0.16417768287037035 0.451256400462963 0.10755031481481482 0.4622603310185185 0.1025604398148148 0.4937715833333333 0.05865189814814815 0.49141360185185184 0.04420626388888889 0.48007621759259256 0.042765273148148146 0.43875193518518524 0.08360128703703704 0.43645349537037037 0.10133381018518518 0.4018935347222222 0.14850541898148148
2 0.18127903009259258 0.1759080625 0.22659283101851851 0.3361319513888889 0.2383470277777778 0.34561152777777776 0.2392640208333333 0.3632964166666667 0.2835060138888889 0.37873049768518513 0.28899606944444445 0.3915207800925926 0.3131118263888889 0.3911635092592593 0.32148386342592594 0.3974752893518519 0.31948315046296294 0.3588900787037037 0.2863999050925926 0.24836251157407407 0.19460521527777777 0.1226152175925926 0.1781945949074074 0.1164225300925926 0.18127903009259258 0.1759080625
2 0.6741455300925926 0.3101941180555556 0.7040252476851853 0.29687983796296297 0.716660712962963 0.2612957013888889 0.7060974143518519 0.2437537199074074 0.687995712962963 0.23597713657407407 0.6672621180555555 0.2395022037037037 0.6473621527777779 0.25910444212962963 0.6371918541666667 0.28017148842592593 0.6449565324074074 0.3057996898148148 0.6741455300925926 0.3101941180555556
2 0.725925925925926 0.09865428240740741 0.7119566527777778 0.10851494444444444 0.7107181134259258 0.17771823148148147 0.7481124212962963 0.18520900231481482 0.7785756805555556 0.18314874305555554 0.8033821597222223 0.1650827685185185 0.8177087060185185 0.1310825300925926 0.8183160648148148 0.1117661087962963 0.8095272129629629 0.09741574305555556 0.7994640925925927 0.08952006712962962 0.7673097523148149 0.08999642824074074 0.725925925925926 0.09865428240740741
2 0.6161367152777778 0.37058473379629625 0.6254257476851852 0.39458139814814813 0.6591878055555556 0.3940812199074074 0.6615100625000001 0.3457782523148148 0.6543289282407407 0.3314040740740741 0.6207335949074073 0.3351196851851852 0.6161367152777778 0.37058473379629625
2 0.7794807662037037 0.3247231157407407 0.7716089074074074 0.3280576412037037 0.7660116689814814 0.3442300810185185 0.7755269722222222 0.4036203425925926 0.8241753009259258 0.4109443842592593 0.8461831597222222 0.40096462962962964 0.8597832546296296 0.32192449768518516 0.8476956064814815 0.3060140532407407 0.8331427893518518 0.30462069675925924 0.7946409444444446 0.3068000486111111 0.778980587962963 0.3150768148148148 0.7794807662037037 0.3247231157407407
2 0.5209472800925926 0 0.5201262361111111 0.00838394675925926 0.5304394444444445 0.02110277546296296 0.5692747407407408 0.025354293981481483 0.595605574074074 0.005656782407407407 0.5984703263888889 0 0.5209472800925926 0
2 0.6943287662037037 0 0.6946766689814815 0.02349648611111111 0.702774798611111 0.05555555555555555 0.7094557592592593 0.06028343518518518 0.7312135277777778 0.04548053009259259 0.7266863449074074 0 0.6943287662037037 0
2 0.6211980462962963 0.2820173865740741 0.6262951041666667 0.2561986435185185 0.5936405856481483 0.24702870138888888 0.5552221041666667 0.2508157685185185 0.5319399768518518 0.26725020833333335 0.5275336435185185 0.2753602476851852 0.5312492569444444 0.28495891435185183 0.5589138981481482 0.290984875 0.6211980462962963 0.2820173865740741
2 0.790865787037037 0.48223175 0.7643682268518518 0.4987138263888889 0.7414195532407407 0.5215791342592593 0.7343813287037037 0.5409908287037036 0.7438370833333333 0.5682029282407407 0.8130522800925926 0.5687864722222222 0.8508038564814814 0.5521376666666666 0.848612599537037 0.5409074675925926 0.8605573425925925 0.5230320347222223 0.8593068958333333 0.4989162777777778 0.8439204490740742 0.48144575462962963 0.827509824074074 0.4752530671296296 0.790865787037037 0.48223175
0 0.8303132662037037 0.6843753009259259 0.6307360949074075 0.7307737060185184 0.5340840787037037 0.7273787291666667 0.45337727777777775 0.6593894467592593 0.4384243773148148 0.526067951388889 0.38688180324074073 0.5863627708333333 0.37210206018518516 0.6734651435185185 0.37462671296296296 0.8327139930555555 0.3884888055555556 0.8518160532407407 0.41293801388888884 0.8578896504629631 0.4543218402777778 0.8492317962962963 0.6178088009259258 0.8371560555555555 0.684666011574074 0.8232939629629629 0.7288484583333333 0.8065498865740741 0.8011361805555555 0.7732999166666666 0.855655650462963 0.7387042268518519 0.856513099537037 0.7242109560185185 0.8303132662037037 0.6843753009259259
2 0.5073240439814815 0.6923782291666667 0.5287245439814815 0.7017148981481481 0.6301774444444445 0.7034297962962962 0.6525187569444445 0.6998809097222222 0.6532094814814814 0.6821722060185186 0.6369655833333333 0.6791949490740741 0.6268191018518517 0.6696915578703704 0.5288317245370371 0.6727521736111112 0.5129212800925926 0.676205787037037 0.5073240439814815 0.6923782291666667
2 0.4264141967592593 0.4972847453703704 0.42892699768518516 0.4216267731481481 0.4186971527777778 0.41051565972222226 0.4026199837962963 0.4107538402777778 0.3932833148148148 0.4478980601851852 0.3908776944444444 0.49459330787037037 0.4030487060185185 0.5121114675925926 0.41751815972222217 0.5118971041666667 0.4264141967592593 0.4972847453703704
2 0.5815529351851851 0.013909731481481481 0.5677503865740741 0.026985828703703703 0.5469334282407408 0.028903180555555557 0.5458258912037037 0.03857329861111111 0.5239847569444445 0.05176848842592593 0.5180540671296296 0.061510062500000004 0.5204120532407407 0.07595569907407408 0.5094914837962963 0.0825532939814815 0.5030367986111111 0.11321900694444445 0.5152078125 0.13073716898148147 0.5565916412037036 0.12207931481481482 0.5745504351851852 0.09607002546296296 0.5867095393518519 0.02026914351851852 0.5815529351851851 0.013909731481481481
2 0.8836965578703704 0.2556031921296296 0.8774800532407409 0.1977730138888889 0.8605692500000001 0.18193402314814816 0.8696796458333333 0.10939621296296297 0.8492675972222222 0.02603310648148148 0.8168631643518518 0.02168631712962963 0.8029772546296295 0.03315469675925926 0.8011551736111111 0.09110396527777777 0.7925925925925925 0.11214719675925926 0.785482912037037 0.22327021527777777 0.7920924143518518 0.31970941898148153 0.7958913912037038 0.3309158032407407 0.8006311782407407 0.32923663425925925 0.8144099074074075 0.34673097453703705 0.8300702638888888 0.3384542106481482 0.8480052384259259 0.34301536111111114 0.8657973078703703 0.3137906412037037 0.8672621180555556 0.2799809467592593 0.8836965578703704 0.2556031921296296