2 0.38082141666666663 0.5813470231481482 0.41023102314814813 0.592348125 0.41826182638888887 0.6016379421296297 0.4316098287037037 0.5940594050925926 0.440264025462963 0.5752964189814814 0.4294096087962963 0.5447989236111112 0.3950495046296296 0.5341645277777778 0.3728272824074074 0.49627184953703707 0.3613861388888889 0.49217699537037035 0.27546754629629633 0.5034836805555556 0.2911991203703704 0.5369148009259259 0.2892555925925926 0.5502383587962962 0.3281994861111111 0.5770077013888889 0.38082141666666663 0.5813470231481482
2 0.519251925925926 0.3569245810185185 0.5172717291666666 0.3718982986111111 0.5221488796296296 0.37483192824074074 0.5649798310185186 0.374954162037037 0.5800880092592592 0.36230289814814814 0.6146681342592593 0.3630363032407407 0.6564723148148148 0.33522796759259255 0.6583058310185186 0.3268549074074074 0.6731573171296297 0.3257547962962963 0.7415841574074074 0.28608971990740745 0.7253025300925926 0.27741107407407406 0.7093509351851851 0.25388094212962964 0.6749541620370371 0.24489671064814814 0.6419875324074075 0.24569123611111113 0.6021268796296296 0.26017601620370373 0.5451045092592592 0.30558611342592595 0.519251925925926 0.3569245810185185
2 0.4602493587962963 0.7879843541666667 0.4401540162037037 0.802652488425926 0.3860652731481482 0.8643197662037038 0.33230656249999996 0.9111355578703704 0.32024202314814815 0.9350935092592593 0.32126879398148145 0.9630240810185186 0.36398973148148145 0.9680968078703704 0.4992665949074074 0.95972375 0.47313072916666665 0.9122362800925926 0.5133333333333333 0.8812516805555555 0.5600599560185185 0.8530787199074075 0.636633662037037 0.8572912847222222 0.6439310578703704 0.8254492106481481 0.6385405208333333 0.7714827037037038 0.6175650902777777 0.7516196064814815 0.6010634398148148 0.752841951388889 0.5929592962962963 0.7468524629629629 0.5301796828703703 0.7547977013888889 0.49398606481481483 0.7525363657407408 0.4654565462962963 0.7760664953703703 0.4602493587962963 0.7879843541666667
2 0.6037770439814815 0.48245935648148147 0.5532453240740741 0.45819581944444443 0.5169050231481481 0.4625351412037037 0.5100476712962964 0.4745752337962963 0.517968462962963 0.4888155486111111 0.5323799050925926 0.5075174166666666 0.5471213773148148 0.5113678032407407 0.5981664837962962 0.5125290300925927 0.6098643194444444 0.5050727291666667 0.6117345069444445 0.49504950462962966 0.6037770439814815 0.48245935648148147
2 0.16362303009259258 0.7918347384259259 0.17169050231481484 0.7994743935185185 0.1865786597222222 0.7967241157407408 0.19673634027777778 0.7844395555555556 0.20913091203703704 0.7456301203703704 0.1892922638888889 0.7487470972222222 0.16552988657407408 0.780161349537037 0.16362303009259258 0.7918347384259259
2 0.876420974537037 0.3716538310185185 0.902860287037037 0.3680479166666667 0.9196552986111111 0.3536242523148148 0.9220755416666667 0.3188485509259259 0.9156582337962962 0.3110866643518519 0.8975064189814815 0.31243124305555553 0.8890722407407408 0.3212932384259259 0.876420974537037 0.3716538310185185
2 0.3092042546296296 0.7645764560185185 0.3504950486111111 0.7598704305555556 0.38203153472222223 0.7492971527777778 0.39380271296296293 0.7385405208333333 0.36754675462962966 0.733895613425926 0.3113678032407407 0.741351912037037 0.30458379166666666 0.750091675925926 0.3092042546296296 0.7645764560185185
2 0.47062706249999997 0.7657988032407408 0.5163549699074074 0.7096931898148149 0.531719837962963 0.6854907708333333 0.5286028611111111 0.6774844143518519 0.4955628888888889 0.6815792685185186 0.44224422453703705 0.7085930810185185 0.4014301435185185 0.7659821550925926 0.40245691203703704 0.7939127245370371 0.4104877152777778 0.8032025416666667 0.4236523657407407 0.8038748333333333 0.4470113680555556 0.7906123958333333 0.47062706249999997 0.7657988032407408
2 0.6284195092592593 0.4114411435185185 0.5891455810185184 0.3995232847222222 0.5115511550925925 0.40691846990740743 0.51749175 0.4361325023148148 0.5451778518518519 0.45055616666666665 0.6210854421296297 0.44493338425925927 0.6284195092592593 0.4114411435185185
0 0.11646498148148147 0.6157560208333334 0.10964429861111112 0.6261459490740741 0.1081408148148148 0.693802712962963 0.1111844513888889 0.7051093981481481 0.1323799050925926 0.7150715069444444 0.21470480324074076 0.7172106111111112 0.25273193981481484 0.7110988865740742 0.27297396296296295 0.6898300949074074 0.287238724537037 0.6409974328703704 0.3039970648148148 0.6282239328703704 0.3268793541666667 0.6364136412037037 0.3292262569444444 0.6049382731481481 0.3508250810185185 0.5967485648148149 0.3444444444444445 0.5873365115740741 0.31488815509259255 0.5829360717592592 0.1762376226851852 0.5948539305555556 0.12962962962962962 0.6164283101851852 0.1115878263888889 0.6128223935185185 0.11646498148148147 0.6157560208333334
0 0.4852218564814815 0.6279794652777778 0.5517785092592592 0.5983376111111112 0.5806747337962963 0.5583058310185185 0.5830583055555556 0.5251802962962964 0.5749908310185186 0.5175406435185186 0.5189952314814815 0.5167461203703704 0.47935460416666664 0.5213299097222222 0.4427576087962963 0.5372203888888889 0.43751375000000003 0.5507884120370371 0.44356435648148146 0.5750519490740741 0.42284561805555554 0.6177728888888888 0.4259625972222222 0.6257792453703703 0.44066740046296293 0.6312797962962963 0.4852218564814815 0.6279794652777778
0 0.7640997430555556 0.31078107870370375 0.768866886574074 0.3186651990740741 0.803337 0.32434910185185184 0.8511184467592593 0.32410463194444444 0.9027502731481482 0.29886321990740744 0.919838650462963 0.2712382337962963 0.9235423541666667 0.2528419513888889 0.9223689050925926 0.23151203935185183 0.9129079583333334 0.21244346759259258 0.8949394953703703 0.20553721990740742 0.8027136064814814 0.20413152546296298 0.762779611111111 0.22191663657407407 0.7496149629629629 0.2212443449074074 0.726109275462963 0.24110744212962965 0.7221488819444445 0.2710548842592593 0.7679134583333332 0.2874342986111111 0.7640997430555556 0.31078107870370375
2 0.2653832060185185 0.9572790601851852 0.2535020162037037 0.9729861875 0.25672900694444445 0.9760420486111111 0.37062706250000005 0.9659577060185185 0.36248625 0.9616183842592593 0.3645031157407408 0.9449944976851852 0.35808580787037037 0.937232611111111 0.3170150347222222 0.9320376481481482 0.2653832060185185 0.9572790601851852