2 0.23985831481481482 0.6107382546296297 0.22188665277777778 0.6317300532407407 0.2355704699074074 0.6440715879629629 0.262602537037037 0.6536539884259258 0.2934377337962963 0.683519761574074 0.3791200601851852 0.6923564513888889 0.41569724074074077 0.6788963472222223 0.45361670370370366 0.6504101412037037 0.4808351967592593 0.5929530185185186 0.47550335416666667 0.5793064884259259 0.43844146296296294 0.5709545115740741 0.3748695 0.5765100671296296 0.3201342268518519 0.6025727060185185 0.28799403472222224 0.5894108865740741 0.27296793287037036 0.5920954513888889 0.2711409398148148 0.5853094699074074 0.25436241666666665 0.5845637569444444 0.23791946296296299 0.5989187175925926 0.23985831481481482 0.6107382546296297
2 0.5716629375000001 0.38076062731481486 0.5517151388888889 0.3882550347222222 0.5607382569444445 0.4171513796296296 0.6014541388888889 0.4390753171296296 0.6291946296296296 0.4805369120370371 0.6811707685185185 0.4811707685185185 0.704474273148148 0.47382550462962963 0.7001118564814816 0.42837434722222223 0.681282625 0.4107755416666667 0.6305369143518519 0.3900820277777778 0.5716629375000001 0.38076062731481486
2 0.4648023865740741 0.4749067847222222 0.44899328703703706 0.44235644907407407 0.3868754652777778 0.43791946296296297 0.37572706944444445 0.46424310185185186 0.39504101388888885 0.5036539884259259 0.4457121550925926 0.5209917962962963 0.4621551087962963 0.5066368379629629 0.4648023865740741 0.4749067847222222
2 0.05730797916666667 0.5422818796296296 0.027554064814814816 0.5610738263888889 0.02800149074074074 0.5812080532407408 0.036763608796296296 0.5983594328703703 0.057233409722222225 0.6143549583333333 0.07561521296296296 0.6118195370370371 0.11222968055555554 0.6000372847222223 0.1236763611111111 0.5871364652777777 0.1216629375 0.571961224537037 0.13299776157407409 0.5540268449074074 0.12934377314814816 0.540454886574074 0.05730797916666667 0.5422818796296296
2 0.4542688287037037 0.11238046296296297 0.40702087962962963 0.09687099074074074 0.3239000740740741 0.0931767337962963 0.331543625 0.13542132638888887 0.32408650231481484 0.1769947800925926 0.3784489189814815 0.20958240277777776 0.47580163888888893 0.21558538425925924 0.5986577175925926 0.08695003703703703 0.6416480231481481 0.06036539814814815 0.656152125 0.034190902777777775 0.6711409398148148 0.02982848611111111 0.5252117777777778 0.02334274537037037 0.48310943287037034 0.053319238425925924 0.4542688287037037 0.11238046296296297
2 0.593325875 0.2241610740740741 0.6153616689814814 0.2351976134259259 0.6555928402777779 0.2353094699074074 0.694332587962963 0.2437360162037037 0.7282252060185186 0.26032811342592593 0.8021998518518519 0.2703206550925926 0.7830350486111111 0.23762117824074075 0.7648396712962963 0.24854586111111113 0.7211782268518518 0.24492915740740742 0.6838926180555556 0.22651006712962965 0.6752423564814815 0.21439224537037038 0.593325875 0.2241610740740741
2 0.7639431412037037 0.1328485462962963 0.7577164421296296 0.07893355787037037 0.7174852731481481 0.07882169907407406 0.699476324074074 0.09813564583333333 0.7028450787037037 0.14186644212962962 0.7543234513888889 0.1525353472222222 0.7639431412037037 0.1328485462962963
0 0.3980984351851852 0.4149515300925926 0.40164056712962964 0.4234899328703704 0.4185682314814815 0.43094705555555557 0.46901565972222226 0.4382177476851852 0.49231916435185186 0.4308724814814815 0.5092468310185185 0.43832960416666666 0.5643176736111111 0.42736763657407406 0.5801267708333333 0.38448918750000005 0.5728187916666667 0.3573452662037037 0.505667412037037 0.3526845625 0.49410887268518516 0.3605518263888889 0.4838180462962963 0.35003728472222223 0.47043251157407406 0.35111856712962963 0.4491424305555555 0.3736390740740741 0.41733780555555555 0.3755779282407407 0.3980984351851852 0.4149515300925926
0 0.08806860416666666 0.6442207314814815 0.09656972453703704 0.6496271458333334 0.09697986574074074 0.6680835208333333 0.09060402777777778 0.6828859050925926 0.09768829398148149 0.6999627152777778 0.19533929861111113 0.7193885162037037 0.2854213287037037 0.6999254282407408 0.27624906944444444 0.664317673611111 0.2439970162037037 0.6461222962962964 0.2221476527777778 0.6434750185185185 0.21681581018518517 0.6298284861111112 0.22826248842592595 0.6169276666666667 0.20943325925925926 0.5993288611111112 0.17938105787037037 0.6046979861111111 0.17587621296296294 0.5978374351851853 0.12885906018518517 0.594071587962963 0.08907531712962963 0.6140939583333334 0.08806860416666666 0.6442207314814815
0 0.7260253541666666 0.31219239351851846 0.7035048472222222 0.3547725578703704 0.6601416875 0.3645786736111111 0.6555182708333334 0.38281133333333334 0.7032811342592593 0.42013422916666665 0.8114839675925927 0.38639075231481484 0.8189410879629629 0.34481730092592594 0.8052945555555555 0.33415361574074076 0.8027218495370371 0.29381058796296294 0.7957494398148148 0.28176733796296294 0.7705070833333333 0.2772930648148148 0.7372856087962963 0.2909023125 0.7391498888888889 0.29936614351851853 0.720917224537037 0.30861297453703707 0.7260253541666666 0.31219239351851846
2 0.5120059652777778 0.18534675694444444 0.497278150462963 0.20145413888888888 0.46465324305555555 0.24190902314814816 0.4633482476851852 0.258612974537037 0.48538404166666665 0.2696495162037037 0.5037285601851852 0.26543624074074074 0.556674125 0.23426547453703706 0.5693139444444445 0.19962714351851854 0.5657718125 0.19108873842592594 0.5252423564814814 0.1775540648148148 0.5237509328703703 0.18586875462962965 0.5120059652777778 0.18534675694444444