2 0.4486338796296296 0.40765027314814817 0.45413479166666665 0.3944262291666667 0.4288160277777778 0.3376684884259259 0.39242258564814814 0.3089981782407407 0.35701275000000005 0.295045537037037 0.2731876134259259 0.3018214953703704 0.24244080092592593 0.3303460833333333 0.21584699537037036 0.33912568287037037 0.20222222222222222 0.3508925324074074 0.21930783333333334 0.3718032777777778 0.21715846990740742 0.38331511805555557 0.23289617361111112 0.3977049166666667 0.24928961805555558 0.3973406180555556 0.25122040046296296 0.39074681250000004 0.2658287800925926 0.39369763194444446 0.2974863379629629 0.3815300555555556 0.3503460833333333 0.4081967199074074 0.4122768680555556 0.4150091087962963 0.4486338796296296 0.40765027314814817
2 0.518870673611111 0.5960655740740741 0.5381785069444445 0.6038251365740741 0.5958469953703704 0.5959927129629631 0.6458287800925926 0.5768670300925925 0.6645901643518519 0.5600728587962963 0.6698360648148147 0.5157377060185185 0.6472495439814815 0.5080510023148148 0.5965027337962964 0.5075409837962963 0.5685245902777778 0.547468125 0.5283060115740741 0.5680145717592593 0.518870673611111 0.5960655740740741
2 0.4182877962962963 0.4640072847222222 0.36845173148148147 0.47985428009259257 0.3487431689814815 0.5179599282407408 0.3590528240740741 0.5439344259259259 0.41978141898148147 0.5409471759259259 0.4359198541666667 0.5094717685185185 0.43402550231481485 0.47839708564814815 0.4182877962962963 0.4640072847222222
2 0.01187613888888889 0.39606557407407406 0.011001821759259258 0.4157377037037037 0.03963570138888889 0.43475409953703703 0.10990892592592594 0.43810564583333333 0.11377049074074073 0.42491803240740744 0.10309653935185185 0.40714025462962966 0.10539162037037036 0.3923497268518518 0.09449909027777778 0.3794899814814815 0.05901639351851852 0.3671766851851852 0.041129326388888894 0.36429872453703704 0.020801458333333335 0.3794899814814815 0.01187613888888889 0.39606557407407406
2 0.6131147546296296 0.9444444444444444 0.599526412037037 0.9185428032407408 0.5581420763888889 0.8916211296296296 0.441020037037037 0.7632058287037038 0.34586520833333334 0.7669581041666667 0.2920947175925926 0.7976320578703704 0.29846994675925925 0.8384335138888889 0.2900910740740741 0.8795628402777778 0.37130418981481483 0.8777581041666667 0.41775919907407405 0.8636239699074074 0.444626412037037 0.9219850254629629 0.5127424421296296 0.9728785439814814 0.5657044375 0.9864411365740741 0.6260473587962962 0.9851001828703704 0.6276502731481481 0.9490346087962963 0.6131147546296296 0.9444444444444444
2 0.616939888888889 0.7478324212962962 0.5776684884259259 0.7470673958333334 0.5559198541666667 0.7573770486111111 0.6356648449074074 0.7687067407407407 0.6443715856481481 0.7570491805555556 0.6811657546296296 0.7398542824074075 0.7238615648148148 0.7372677592592592 0.7413843356481481 0.7483424421296296 0.7608014560185185 0.7167941712962963 0.6883788703703705 0.724954462962963 0.6549362476851852 0.7404371597222222 0.616939888888889 0.7478324212962962
2 0.6567925300925926 0.8828779953703704 0.6739510000000001 0.9021493981481482 0.7132224050925926 0.902914425925926 0.7204719490740741 0.8503461203703703 0.7115101990740741 0.8308925694444445 0.6610311481481481 0.8402029513888889 0.6567925300925926 0.8828779953703704
0 0.5320218564814815 0.5581056458333333 0.478506375 0.5461930787037037 0.4618214930555556 0.5531147546296297 0.4392349722222222 0.5454280532407407 0.3898360648148148 0.5514389814814815 0.37315118287037036 0.5583606574074074 0.3695081967592593 0.5666302361111112 0.3874316921296296 0.6055373402777777 0.41843351388888894 0.6081238611111112 0.4387249560185185 0.6306010925925926 0.4517668472222222 0.6319489976851851 0.4620400740740741 0.6218943518518519 0.4731511851851852 0.6298360648148148 0.5387978148148148 0.6267395254629631 0.5465209467592592 0.6003642986111111 0.5320218564814815 0.5581056458333333
0 0.22411657407407407 0.3373041898148148 0.25599271296296294 0.3202185810185185 0.26571949074074075 0.2856101990740741 0.1782149375 0.2646265925925926 0.08247723148148148 0.28149362499999997 0.07519125694444444 0.29803278703703706 0.08109289583333333 0.31264116435185185 0.0802914398148148 0.3306739513888889 0.07187613888888889 0.33577413657407407 0.07220400694444444 0.36524590277777774 0.11060109259259258 0.38568306018518517 0.15657559027777776 0.38302367824074074 0.16014571990740742 0.3763934421296296 0.18936247685185187 0.38229508101851856 0.2081238611111111 0.3655009097222222 0.19723133101851853 0.35264116435185183 0.20273224074074073 0.33941712037037036 0.22411657407407407 0.3373041898148148
0 0.7723861574074073 0.6035336967592593 0.6675045532407408 0.5681967222222222 0.6200728587962963 0.6036429884259259 0.6241894351851852 0.6215664837962963 0.6663023680555555 0.6320947175925925 0.6873588333333333 0.6742076504629629 0.6822950833333334 0.6775956273148148 0.6998907106481481 0.6870309652777777 0.6978870671296297 0.6952641157407408 0.730018212962963 0.7092896180555556 0.7547540972222222 0.7054644814814814 0.7618214930555555 0.6938433518518518 0.7652094722222222 0.6544626597222222 0.7787613842592592 0.6443351527777778 0.7723861574074073 0.6035336967592593
2 0.4307103819444445 0.7372313310185185 0.461675775462963 0.777486337962963 0.475701275462963 0.7935519120370371 0.4871766851851852 0.7932969027777779 0.48845173148148147 0.8014571944444445 0.5283060115740741 0.7891074699074074 0.531949 0.780837886574074 0.5203642986111111 0.7467030972222223 0.46936247685185184 0.7150819675925926 0.4515482708333333 0.710564662037037 0.42979963425925927 0.7208743171296297 0.4307103819444445 0.7372313310185185