2 0.5880100439814815 0.7366101689814815 0.610922787037037 0.723276837962963 0.6079096041666666 0.7184180787037037 0.6206528564814815 0.705762712962963 0.6281858124999999 0.6496045208333333 0.6222222222222222 0.6162711875 0.5893283125000001 0.5594350277777778 0.5321406157407408 0.5345762708333334 0.5251098564814815 0.5384180810185185 0.5197740115740741 0.633220337962963 0.5401129930555556 0.6774011296296296 0.5552416828703703 0.6780790949074074 0.5561833009259259 0.6881355949074075 0.5490269930555556 0.6936723171296296 0.5556183310185185 0.718531074074074 0.5880100439814815 0.7366101689814815
2 0.33414940277777777 0.47525423842592596 0.3604519768518518 0.46169491435185184 0.37288135648148146 0.430508474537037 0.3856246064814815 0.4178531087962963 0.43327056018518517 0.3893785324074074 0.43345888194444443 0.3640677962962963 0.4275580671296296 0.3071186458333333 0.4210295046296296 0.30418079166666667 0.37426239814814816 0.32079096064814816 0.34450721990740746 0.35819209027777776 0.3146892662037037 0.4647457615740741 0.33414940277777777 0.47525423842592596
0 0.25047080787037035 0.26158192129629626 0.25461393518518516 0.2967231643518518 0.265348400462963 0.31118643981481486 0.3101067175925926 0.3216949143518519 0.3232266157407407 0.3039548009259259 0.3461393587962963 0.19954802083333334 0.3236032662037037 0.16225988657407409 0.2895166342592593 0.18983050694444442 0.2757062152777778 0.19412429398148148 0.25047080787037035 0.26158192129629626
0 0.28323917129629633 0.5933333333333333 0.31123666203703704 0.6251977384259259 0.3471437523148148 0.6413559328703704 0.3626490902777778 0.6369491527777777 0.37288135648148146 0.6126553657407408 0.38669177546296296 0.5172881365740741 0.36942875000000003 0.45435028240740744 0.3483364699074074 0.4658757060185185 0.3160703078703704 0.4461016944444445 0.26993094675925927 0.45423728703703703 0.2651600740740741 0.5186440671296296 0.28323917129629633 0.5933333333333333
0 0.3207784050925926 0.4508474583333333 0.3375392337962963 0.42949152546296293 0.3398618958333333 0.3753672314814815 0.3694287523148148 0.31774011342592595 0.3564971759259259 0.31016949074074074 0.34770872453703705 0.2922033912037037 0.3187068425925926 0.27389830555555555 0.3016321388888889 0.27672316435185185 0.28367859490740743 0.29141243055555555 0.28600125694444445 0.32836158101851853 0.27363465277777776 0.42700565046296296 0.28556183333333335 0.44813559259259256 0.3001883240740741 0.4555932199074074 0.3207784050925926 0.4508474583333333
0 0.6028876319444444 0.9228248587962964 0.6212806018518519 0.9249717500000001 0.6353421226851852 0.9172881365740742 0.6554300069444444 0.828248587962963 0.6420590069444444 0.7583050833333334 0.6517890763888888 0.7407909606481482 0.6281858124999999 0.7406779652777777 0.6204645324074074 0.7310734467592593 0.5997489004629629 0.737514125 0.5758945393518519 0.7863276851851851 0.5508474583333334 0.7829378518518518 0.5232266157407407 0.7915254236111111 0.5151914629629629 0.8089265532407408 0.5226616458333333 0.8219209027777779 0.5182674212962963 0.8812429375 0.5417451342592593 0.9285875717592593 0.5703075972222222 0.9300564976851852 0.5715003125 0.936723162037037 0.6028876319444444 0.9228248587962964
0 0 0.6855256689814815 0.025800377314814816 0.6762711875 0.03201506712962963 0.6606779652777779 0.04268675462962963 0.6532203402777778 0.04544883796296296 0.6159322037037037 0.038104206018518515 0.6012429398148148 0 0.5933673310185185 0 0.6855256689814815
0 0.4868801018518518 0.5308474560185185 0.5153170115740741 0.5340112986111111 0.5344632777777778 0.5259887013888889 0.5455116134259259 0.5134463263888889 0.5493408657407408 0.48451977314814815 0.5432517245370371 0.4528813564814815 0.5227244189814815 0.43401129861111115 0.4903954814814815 0.4378531087962963 0.47564343981481483 0.4320903958333333 0.4342121782407407 0.44497175231481484 0.42303829398148146 0.45920903935185187 0.4255492777777778 0.4708474560185185 0.4121155046296296 0.5155932222222223 0.4231638402777778 0.5485875694444444 0.45210295138888884 0.5449717523148148 0.4868801018518518 0.5308474560185185
0 0.1639673564814815 0.38203389814814814 0.1537350925925926 0.36079096064814814 0.18141870833333335 0.32858757175925923 0.19190207175925927 0.30090395601851855 0.19453860648148147 0.2653107337962963 0.18625235416666666 0.2405649699074074 0.13615819212962962 0.18824858796296298 0.09353421296296295 0.19446327546296296 0.08907721296296296 0.18632768287037038 0.058066541666666666 0.19514124305555555 0.05298179398148148 0.24101695138888887 0.043753921296296294 0.25175141203703705 0.03370998148148148 0.250734462962963 0.024921532407407406 0.27830508564814815 0.02021343287037037 0.3190960439814815 0.02590496064814815 0.3333338981481482 0.014877590277777778 0.3683615810185185 0.016258631944444445 0.39525423842592594 0.04519774074074074 0.43717514120370365 0.06635279398148149 0.4475706203703704 0.12247331944444444 0.418531074074074 0.13107344444444444 0.4162711851851852 0.14387947453703703 0.425536724537037 0.16001255555555555 0.4126553680555556 0.1639673564814815 0.38203389814814814
2 0.3951663541666666 0.6533333333333333 0.40012555092592594 0.6546892638888889 0.4132454467592592 0.6369491527777777 0.4524795972222222 0.6309604513888888 0.47093534259259257 0.5639548032407408 0.4583804143518519 0.5512994328703703 0.4127432523148148 0.5526553680555556 0.38229755092592593 0.5766101689814815 0.3750156921296296 0.6293785300925926 0.3951663541666666 0.6533333333333333
2 0.5293157569444444 0.9142372870370371 0.49372253703703706 0.9166101689814815 0.47796610185185184 0.9244067800925926 0.482736974537037 0.9510734467592592 0.5079598240740741 0.9611977407407407 0.5513496550925926 0.9583050856481482 0.5493408657407408 0.9398870069444444 0.5293157569444444 0.9142372870370371
0 0.30401757870370366 0.836497175925926 0.33270558564814817 0.8362711851851853 0.3406779652777778 0.8424858749999999 0.3800376643518519 0.8348022592592592 0.39026993055555553 0.810508474537037 0.37959824305555556 0.7724293773148148 0.3127432523148148 0.6959322037037038 0.28844946527777776 0.6823728819444445 0.2831136226851852 0.6861016944444445 0.2805398634259259 0.6980790972222223 0.29993722453703703 0.7322033912037037 0.30037664814814813 0.7490395486111111 0.3113622106481482 0.7601129930555556 0.3064657870370371 0.7806779652777778 0.31104833564814816 0.7871186458333334 0.29340866435185187 0.8203389837962963 0.30401757870370366 0.836497175925926