2 0.4734375 0.4078125 0.478125 0.396875 0.4734375 0.315625 0.440625 0.33125 0.428125 0.3296875 0.4 0.3671875 0.3921875 0.4171875 0.3796875 0.4453125 0.3703125 0.453125 0.3765625 0.465625 0.39375 0.4734375 0.4234375 0.4625 0.4359375 0.4296875 0.4734375 0.4078125
2 0.65625 0.7375 0.6796875 0.721875 0.690625 0.6890625 0.6921875 0.6578125 0.68125 0.6203125 0.6421875 0.5671875000000001 0.5953125 0.5437500000000001 0.5812499999999999 0.5421874999999999 0.578125 0.546875 0.5750000000000001 0.5875 0.5859375 0.6015625 0.5828125000000001 0.634375 0.60625 0.6734375 0.6140625 0.675 0.6140625 0.6890625 0.646875 0.753125 0.65625 0.7375
2 0.2140625 0.6453125 0.2140625 0.6296875 0.2203125 0.621875 0.2171875 0.5625 0.221875 0.5281250000000001 0.2015625 0.5015625 0.190625 0.496875 0.178125 0.478125 0.1234375 0.428125 0.0828125 0.378125 0.0609375 0.3671875 0.034374999999999996 0.36875 0.0265625 0.409375 0.025 0.5375 0.07187500000000001 0.5117109375 0.0984375 0.5491874999999999 0.121875 0.5929109375 0.1125 0.665625 0.1421875 0.671875 0.19375 0.665625 0.2140625 0.6453125
2 0.4703125 0.5453125 0.4515625 0.5593750000000001 0.446875 0.5734374999999999 0.4421875 0.621875 0.4484375 0.6328125 0.4578125 0.634375 0.4703125 0.6265625 0.496875 0.578125 0.4953125 0.5437500000000001 0.484375 0.5375 0.4703125 0.5453125
2 0.2 0.2234375 0.2015625 0.2375 0.2125 0.246875 0.2484375 0.2578125 0.246875 0.2390625 0.21875 0.2171875 0.2078125 0.215625 0.2 0.2234375
2 0.5578124999999999 0.9078125 0.5703125 0.9234375 0.603125 0.925 0.6109375 0.91875 0.6109375 0.9015625 0.603125 0.89375 0.55625 0.8828125 0.5578124999999999 0.9078125
2 0.225 0.3921875 0.2328125 0.421875 0.2421875 0.4328125 0.2484375 0.4078125 0.2453125 0.3546875 0.2375 0.3484375 0.2234375 0.353125 0.225 0.3921875
2 0.26718749999999997 0.478125 0.215625 0.440625 0.1890625 0.4421875 0.1796875 0.45 0.178125 0.4625 0.1890625 0.484375 0.2109375 0.50625 0.2609375 0.5484375 0.28281249999999997 0.5625 0.29062499999999997 0.5593750000000001 0.2890625 0.5281250000000001 0.26718749999999997 0.478125
2 0.5359375000000001 0.6484375 0.5499999999999999 0.6109375 0.5484375 0.5375 0.5203125000000001 0.5437500000000001 0.5046875000000001 0.5703125 0.5046875000000001 0.6421875 0.5359375000000001 0.6484375
0 0.3796875 0.3890625 0.3890625 0.3828125 0.3953125 0.3546875 0.39375 0.2234375 0.3765625 0.1796875 0.38125 0.1625 0.378125 0.1671875 0.36875 0.1609375 0.3046875 0.1609375 0.29375 0.1640625 0.28281249999999997 0.184375 0.27499999999999997 0.2625 0.278125 0.2984375 0.296875 0.3171875 0.3421875 0.3296875 0.353125 0.3453125 0.34375 0.3671875 0.3734375 0.36875 0.3796875 0.3890625
0 0.4296875 0.475 0.4171875 0.4703125 0.39375 0.4765625 0.3546875 0.4578125 0.346875 0.4609375 0.340625 0.475 0.340625 0.5171875 0.3640625 0.5796875 0.4 0.60625 0.43125 0.6078125 0.4390625 0.6 0.44375 0.546875 0.4421875 0.509375 0.4296875 0.475
0 0.7203125 0.809375 0.70625 0.771875 0.7078125 0.759375 0.690625 0.7375 0.6625 0.734375 0.64375 0.778125 0.621875 0.775 0.6140625 0.7796875 0.60625 0.8125 0.603125 0.8578125 0.6234375 0.90625 0.6484375 0.921875 0.665625 0.925 0.6859375 0.9234375 0.7046875 0.9140625 0.7125 0.896875 0.7203125 0.809375
2 0.0265625 0.3078125 0.028125 0.415625 0.0328125 0.4078125 0.0484375 0.409375 0.05625 0.403125 0.06406250000000001 0.3640625 0.04375 0.315625 0.0296875 0.3046875 0.0265625 0.3078125