2 0.6239966666666666 0.4469572453703704 0.6412051921296297 0.43839466435185187 0.6468738842592593 0.42534238425925924 0.6367512222222222 0.41758961574074077 0.6221745856481482 0.3890317986111111 0.6110872939814814 0.33782303009259257 0.5798618564814815 0.3000952708333333 0.5670953912037037 0.30208407870370374 0.5323806134259259 0.2870072638888889 0.5325116134259259 0.3707514583333333 0.5380016666666667 0.38186256944444447 0.5779206851851851 0.4032273425925926 0.5927831365740741 0.4366083125 0.6239966666666666 0.4469572453703704
2 0.4095986666666667 0.6610694305555556 0.41754197916666663 0.6592235324074074 0.43927593287037037 0.6183160648148148 0.4340597824074074 0.5846492800925925 0.44445635185185184 0.569846375 0.43876384490740744 0.5281410023148149 0.43526259259259265 0.523413125 0.42088841203703703 0.5254495671296296 0.37408598379629626 0.5509944027777778 0.33713231018518514 0.6068476828703704 0.3281648194444444 0.6457663449074075 0.3316779814814815 0.6778730486111111 0.34493271296296296 0.7113016550925926 0.3700011921296297 0.7266642847222222 0.380600212962963 0.7424556388888889 0.4104561157407407 0.6755388819444446 0.4095986666666667 0.6610694305555556
2 1 0.39916897453703704 0.9979040138888889 0.36984637268518517 0.9873883518518518 0.3282839097222222 0.9599618912037037 0.3274860069444444 0.9381207569444444 0.33940693055555554 0.899368824074074 0.3920924143518519 0.8461474328703703 0.4452066226851852 0.834428962962963 0.4648803148148148 0.8234607592592593 0.4700369189814815 0.8041800648148147 0.49798737731481485 0.8110992013888889 0.5332142430555555 0.8115041087962963 0.5944027638888889 0.8184113356481482 0.6022508032407408 0.8193640578703705 0.618327974537037 0.8415029166666668 0.6386090277777777 0.8949386666666667 0.6434679050925927 0.9251042037037037 0.6361319513888889 0.9110242222222221 0.5615994398148149 0.9324739791666666 0.5158961527777778 0.9575200671296296 0.47652524768518517 1 0.49793946759259256 1 0.39916897453703704
2 0.5242705717592592 0.5578182685185186 0.5545551967592592 0.6068476828703704 0.5678932939814815 0.6145051805555555 0.5774443263888889 0.6126116481481482 0.5832082893518519 0.6011670833333334 0.5754317013888889 0.5514707638888888 0.5697511018518518 0.5371442175925926 0.5496010462962962 0.5232463958333333 0.5346552361111111 0.5156365347222223 0.5237823032407407 0.5224008587962963 0.5242705717592592 0.5578182685185186
2 0.7608312476851852 0.20132190046296297 0.7603667986111111 0.2206621412037037 0.7966773842592593 0.20831249305555555 0.8073597708333333 0.19833273842592594 0.8081100393518519 0.18381564814814816 0.7995950925925925 0.17601524305555555 0.7884363472222223 0.17795641203703705 0.7608312476851852 0.20132190046296297
2 0.4266285578703704 0.8940931273148147 0.42767655092592594 0.9117780138888889 0.43609622453703706 0.9179707037037036 0.4697630115740741 0.9153626296296297 0.48167202546296295 0.8989043703703703 0.48175538888888886 0.8731332615740741 0.4341907824074074 0.8858163634259258 0.4266285578703704 0.8940931273148147
2 0.7694891018518518 0.3202453240740741 0.7695129212962962 0.37500297685185185 0.7774681435185186 0.40053590509259257 0.7864475393518519 0.3889960694444444 0.7926759560185185 0.3582112662037037 0.7919018703703704 0.3179707037037037 0.777146599537037 0.313576275462963 0.7694891018518518 0.3202453240740741
2 0.7435750856481482 0.5352149583333333 0.7652256736111112 0.5200785995370371 0.8141002731481483 0.4751458842592593 0.8352745046296297 0.4519709421296297 0.845194712962963 0.4291294513888889 0.8428248171296296 0.41631535185185187 0.8327021574074074 0.4085625810185185 0.8052756944444445 0.4077646782407407 0.7545075601851852 0.4479218773148148 0.7350482314814815 0.5000357268518518 0.7353459560185185 0.5322377037037037 0.7435750856481482 0.5352149583333333
2 0.49805883101851856 0.5231630347222223 0.46873883564814817 0.5175896134259259 0.47160890972222225 0.5931999513888889 0.48836489120370374 0.6313564374999999 0.5201381458333333 0.623972849537037 0.5157556273148148 0.550017863425926 0.49805883101851856 0.5231630347222223
0 0.6579849953703705 0.31388591203703703 0.6682862939814815 0.2974752893518518 0.7141479097222222 0.28323210648148145 0.7322972476851852 0.26336787037037035 0.7333214259259259 0.22629510416666665 0.7205192337962963 0.14614743287037038 0.7080266759259259 0.12558056481481483 0.6965821134259259 0.12269858333333333 0.6306657152777778 0.12465166203703705 0.6214005 0.1313683472222222 0.61789925 0.1266404675925926 0.6237703935185186 0.14418244675925926 0.6087531273148149 0.1897225185185185 0.6151482662037038 0.3248183865740741 0.6232940324074073 0.35356675 0.6333214259259259 0.3597118009259259 0.6385137546296297 0.3386209351851852 0.6689651064814816 0.33610813194444444 0.6579849953703705 0.31388591203703703
0 0.5850899143518519 0.5785637731481481 0.5936048587962963 0.5863641782407407 0.6256639282407407 0.5838037384259259 0.6610217939814815 0.5553769212962963 0.6813266643518519 0.49035369907407406 0.6787543171296296 0.446945337962963 0.671466 0.43266642824074075 0.6632368703703704 0.4296891759259259 0.6241872106481481 0.45017268055555554 0.5996903657407407 0.4444563541666667 0.5871144444444445 0.4496605925925926 0.5763486967592593 0.4854114560185185 0.5770275092592593 0.5240443009259259 0.5850899143518519 0.5785637731481481
0 0.35079194907407407 0.9188876990740741 0.3717875416666667 0.9198761458333334 0.38928188657407403 0.9161367152777777 0.41405263888888894 0.8992973680555556 0.43199952546296294 0.8488388726851852 0.42602119675925926 0.8023103495370371 0.4159818981481482 0.7687864722222222 0.4076574953703704 0.7642015 0.3853400023148148 0.7680838402777779 0.3633797800925926 0.7236393935185185 0.3346314166666666 0.7277122777777778 0.3182803402777778 0.7507443148148149 0.32065023148148153 0.7635584143518519 0.3084673078703704 0.8025723472222223 0.32184113425925925 0.8923663217592592 0.3309277129629629 0.9098130277777777 0.35079194907407407 0.9188876990740741
2 0.9565559143518518 0.32436584490740744 0.9669763009259259 0.36432059027777774 0.9753959745370371 0.37051327777777776 0.9913778726851852 0.3684292013888889 0.9966773842592593 0.37632487731481484 0.9917113263888888 0.2653447638888889 0.9883053472222222 0.26222460416666665 0.9745027986111111 0.2739073472222222 0.9565559143518518 0.32436584490740744