2 0.6566679305555555 0.7698268217592592 0.6789407152777778 0.7590317291666666 0.6755656689814814 0.7537353055555556 0.6875995439814815 0.7424093032407407 0.6914296550925926 0.6862722777777778 0.6831500439814815 0.6517001643518519 0.6460498032407408 0.5900265462962963 0.5865377314814815 0.5579193541666667 0.5796865115740741 0.5609783865740741 0.5806851203703703 0.6566300092592593 0.6042346087962963 0.703943875 0.6195803310185185 0.7064467199074074 0.6212109722222222 0.7167741111111111 0.6143471134259259 0.7215396296296297 0.6226899236111111 0.7475793194444444 0.6566679305555555 0.7698268217592592
2 0.3823031226851852 0.4739223865740741 0.4079888773148148 0.46330426157407406 0.4184553148148148 0.43311844212962963 0.4304891921296296 0.42179243981481485 0.4767538888888889 0.39858425000000003 0.4752370115740741 0.3728984953703704 0.46542788425925924 0.31434711111111113 0.45862722916666665 0.3105802037037037 0.41245101851851856 0.32184300231481483 0.3848818101851852 0.35626343055555554 0.36191379166666665 0.4609151828703704 0.3823031226851852 0.4739223865740741
0 0.2832638101851852 0.24685880555555556 0.28982429398148146 0.2830489189814815 0.3016559212962963 0.29902667361111107 0.34762988194444444 0.3150676273148148 0.35970168055555557 0.29862217129629626 0.3758311226851852 0.1953229699074074 0.3505245856481482 0.15474655555555555 0.31791176851851854 0.17866262268518518 0.30423460879629627 0.18136771527777779 0.2832638101851852 0.24685880555555556
0 0.3387814421296296 0.5877512314814815 0.36924535416666665 0.6234736435185185 0.40664896990740745 0.6441916319444445 0.42203261111111107 0.6415750231481482 0.43074200462962964 0.6181266574074074 0.43827581944444444 0.5229174560185185 0.41657186342592595 0.4569207430555555 0.3960182013888889 0.46609783796296295 0.36205283796296295 0.44214385185185184 0.3159398310185185 0.44487422685185185 0.31545948611111113 0.5097206435185185 0.3387814421296296 0.5877512314814815
0 0.3671343703703704 0.4475287592592593 0.3826444212962963 0.42784730092592593 0.38134243518518524 0.3731513101851852 0.4073568449074074 0.3181645810185185 0.3937681712962963 0.3089242824074074 0.38366831018518516 0.2896220462962963 0.35310327314814816 0.26755150925925925 0.33602578703703706 0.2683731527777778 0.31885981712962963 0.2811401851851852 0.32370117592592595 0.3189483009259259 0.31784856712962967 0.41765895601851855 0.33133611574074073 0.4405511319444444 0.3466312731481481 0.44987991203703703 0.3671343703703704 0.4475287592592593
0 0.6842750601851852 0.9607508541666667 0.7030211111111112 0.965137150462963 0.7167235509259259 0.959019087962963 0.7310327407407408 0.8709897615740742 0.7127923148148149 0.7983440787037037 0.7214511458333334 0.7817216527777778 0.6975729976851852 0.7787763865740741 0.6891164212962962 0.7680950578703704 0.6686006828703703 0.7721526990740741 0.6477689305555556 0.8188724560185185 0.6222095810185185 0.8124257361111111 0.5948552662037038 0.8178359236111111 0.5879029189814815 0.8345468333333333 0.5963342175925925 0.8486411319444445 0.5958917962962963 0.9083680949074073 0.6228289722222222 0.9592718981481482 0.6518139305555556 0.9641891041666667 0.6534698518518518 0.971103525462963 0.6842750601851852 0.9607508541666667
0 0.02086967361111111 0.6395525231481481 0.049816710648148146 0.6495891782407407 0.0840222476851852 0.6411199583333334 0.0892554675925926 0.6260270509259259 0.0995449375 0.6197320185185184 0.09982303009259258 0.5821893564814814 0.09140437268518518 0.5663885717592593 0.04712425694444445 0.552142587962963 0.019706736111111112 0.5660851990740741 0.007660219907407407 0.5791176851851852 0.010782453703703702 0.6185437986111111 0.02086967361111111 0.6395525231481481
0 0.5405132083333334 0.5487043356481481 0.5694855277777778 0.5553280231481481 0.5883074212962963 0.5494754143518519 0.5986348125 0.5380609259259259 0.6005561875 0.5091391736111112 0.5922639351851852 0.47627354166666663 0.5702313240740741 0.45464543055555556 0.537795474537037 0.4546707106481481 0.5224876736111111 0.44704841435185183 0.4814562013888889 0.4551636967592593 0.4711161689814815 0.4682846666666667 0.47444065277777775 0.48040703009259256 0.46387308796296295 0.5242447222222222 0.47727215277777774 0.5590822893518519 0.5062950324074075 0.5588800416666667 0.5405132083333334 0.5487043356481481
0 0.2039059537037037 0.35882947685185185 0.19212489120370368 0.33602578703703706 0.21794968981481483 0.3066363287037037 0.22668436342592593 0.27977499537037037 0.22694981712962964 0.24393881944444443 0.21690051851851852 0.21781064351851853 0.16271015046296297 0.15866515046296298 0.12002275231481481 0.15986600925925926 0.11496650231481481 0.15106813194444443 0.08419921527777777 0.15630135416666666 0.0821514351851852 0.2022879537037037 0.07354316666666667 0.21208443981481484 0.06331690046296296 0.20984704861111111 0.056288710648148145 0.23679686574074074 0.054278851851851856 0.27766401157407405 0.06099523611111111 0.29280805092592593 0.05220578935185185 0.32706358101851857 0.05541650694444445 0.35454430555555555 0.08751106018518519 0.4005941111111111 0.10960687731481482 0.4136897986111111 0.16440399537037037 0.3909240300925926 0.1729490601851852 0.38965996527777774 0.1865250925925926 0.40060675 0.20197193749999998 0.38945771759259257 0.2039059537037037 0.35882947685185185
2 0.45602325925925924 0.6621160416666667 0.46113007175925924 0.6640879791666667 0.47320187037037037 0.6476425231481481 0.5124762986111111 0.6462646967592592 0.526621162037037 0.5804196689814815 0.5130704097222223 0.5660599166666667 0.467007962962963 0.5619643541666667 0.43783339814814815 0.5826444189814816 0.4340285671296296 0.635368474537037 0.45602325925925924 0.6621160416666667
2 0.5734546828703704 0.9413474907407408 0.5580457592592593 0.9473770694444444 0.5646694467592592 0.9750347615740741 0.6020857037037037 0.9940462638888888 0.6345468333333334 0.9906080138888889 0.6312729120370371 0.9716597152777778 0.6092908611111112 0.943205662037037 0.5734546828703704 0.9413474907407408
0 0.3761976990740741 0.8372266458333334 0.4051952986111111 0.8404373657407407 0.4136771597222222 0.8477057268518519 0.45296422685185184 0.8446214143518518 0.46167361805555557 0.821173050925926 0.4483124768518518 0.7812160277777778 0.3755403865740741 0.6954999374999999 0.35005688194444445 0.6788143078703703 0.34491214814814813 0.681961824074074 0.34311717824074073 0.6938187337962963 0.36503602546296293 0.7308052083333334 0.3666161041666666 0.7479585393518519 0.37847301157407404 0.7605233217592592 0.3749083541666667 0.7808241689814814 0.3799772476851852 0.7879155601851852 0.364378712962963 0.8195424097222223 0.3761976990740741 0.8372266458333334