2 0.378125 0.684375 0.3796875 0.675 0.39375 0.6734375 0.415625 0.63125 0.4171875 0.5437500000000001 0.4109375 0.540625 0.35625 0.5671875000000001 0.321875 0.621875 0.3140625 0.653125 0.3171875 0.7046875 0.328125 0.715625 0.325 0.7203125 0.3453125 0.73125 0.3765625 0.7125 0.384375 0.6890625 0.378125 0.684375
2 0.571875 0.3328125 0.5296875 0.3203125 0.5234375 0.3234375 0.5140625 0.3765625 0.5125000000000001 0.4 0.5546875 0.4234375 0.5656249999999999 0.434375 0.5750000000000001 0.4625 0.5984375 0.4734375 0.6171875 0.4625 0.596875 0.365625 0.571875 0.3328125
0 0.6296875 0.1828125 0.60625 0.21875 0.6203125 0.3140625 0.63125 0.3296875 0.6734375 0.3171875 0.684375 0.303125 0.690625 0.2703125 0.671875 0.209375 0.659375 0.20625 0.6296875 0.1828125
0 0.6171875 0.4453125 0.5859375 0.465625 0.5671875000000001 0.45625 0.546875 0.515625 0.553125 0.603125 0.5609375 0.625 0.5750000000000001 0.628125 0.609375 0.6109375 0.6375 0.5796875 0.659375 0.509375 0.659375 0.45 0.6171875 0.4453125
0 0.6578125 0.425 0.653125 0.334375 0.6578125 0.3 0.6421875 0.28750000000000003 0.6265625 0.2859375 0.5984375 0.3046875 0.5890624999999999 0.321875 0.5765625 0.3296875 0.6 0.38125 0.5984375 0.43125 0.6125 0.45 0.63125 0.453125 0.6453125 0.4453125 0.6578125 0.425
0 0.375 0.90625 0.4 0.8609375 0.4 0.80625 0.4078125 0.79375 0.4015625 0.778125 0.3765625 0.771875 0.353125 0.7765625 0.334375 0.7328125 0.315625 0.728125 0.3078125 0.7375 0.2859375 0.7390625 0.29375 0.7546875 0.2765625 0.8203125 0.2890625 0.9015625 0.3015625 0.9078125 0.31875 0.9046875 0.346875 0.915625 0.3484375 0.909375 0.375 0.90625
0 0.9296875 0.5750000000000001 0.9046875 0.5609375 0.8640625 0.571875 0.85625 0.5859375 0.85625 0.6203125 0.865625 0.6265625 0.8703125 0.640625 0.9015625 0.65 0.928125 0.6421875 0.9375 0.6234375 0.940625 0.5875 0.9296875 0.5750000000000001
0 0.5234375 0.515625 0.5140625 0.475 0.5171875 0.4640625 0.5078125 0.4515625 0.4703125 0.4421875 0.45625 0.4484375 0.4265625 0.446875 0.40625 0.465625 0.3984375 0.4953125 0.4 0.521875 0.409375 0.5328125 0.4265625 0.5390625 0.453125 0.5343749999999999 0.484375 0.5453125 0.5109374999999999 0.546875 0.5234375 0.515625
0 0.790625 0.40625 0.7984375 0.4078125 0.8484375 0.43125 0.86875 0.4203125 0.8984375 0.3796875 0.9015625 0.3546875 0.89375 0.3229171875 0.9 0.309375 0.8984375 0.27187500000000003 0.8921875 0.246875 0.8828125 0.2484375 0.875 0.2390625 0.8734375 0.196875 0.8453125 0.190625 0.840625 0.1984375 0.8015625 0.1953125 0.7515625 0.246875 0.7421875 0.2703125 0.7421875 0.303125 0.75 0.328125 0.7734375 0.35625 0.7625 0.3765625 0.7640625 0.4046875 0.778125 0.415625 0.790625 0.40625
2 0.5203125000000001 0.5499999999999999 0.478125 0.5515625000000001 0.465625 0.5640625 0.478125 0.625 0.5140625 0.628125 0.525 0.64375 0.5296875 0.6421875 0.5499999999999999 0.61875 0.546875 0.5703125 0.5203125000000001 0.5499999999999999
2 0.3640625 0.934375 0.39375 0.9390625 0.428125 0.9234375 0.434375 0.8984375 0.4203125 0.8921875 0.3875 0.8921875 0.3671875 0.9171875 0.3640625 0.934375
0 0.603125 0.7546875 0.6 0.7359375 0.6109375 0.725 0.6125 0.709375 0.6328125 0.6765625 0.63125 0.665625 0.6265625 0.6625 0.603125 0.6765625 0.5359375000000001 0.7515625 0.5234375 0.7875 0.53125 0.809375 0.5671875000000001 0.8140625 0.5750000000000001 0.8078125 0.6015625 0.80625 0.6125 0.790625 0.5984375 0.7609375 0.603125 0.7546875