2 0.4078125 0.7359375 0.4015625 0.734375 0.4046875 0.7203125 0.39375 0.690625 0.4203125 0.6390625 0.428125 0.5796875 0.421875 0.5453125 0.409375 0.540625 0.3546875 0.5671875000000001 0.3265625 0.603125 0.3125 0.6375 0.3171875 0.7171875 0.34375 0.7453125 0.3515625 0.7703125 0.3625 0.7828125 0.3828125 0.765625 0.39375 0.7671875 0.4078125 0.7515625 0.4078125 0.7359375
2 0.571875 0.3328125 0.5296875 0.3296875 0.521875 0.3515625 0.5203125000000001 0.4 0.5578124999999999 0.425 0.5765625 0.4625 0.603125 0.4703125 0.6109375 0.4515625 0.6046875 0.396875 0.5875 0.35 0.571875 0.3328125
2 0.4890625 0.61875 0.525 0.6359375 0.5499999999999999 0.625 0.5484375 0.5671875000000001 0.5187499999999999 0.553125 0.4890625 0.55625 0.475 0.571875 0.4890625 0.61875
2 0.4140625 0.875 0.4 0.8734375 0.3875 0.884375 0.375 0.91875 0.371875 0.9359375 0.3859375 0.9546875 0.4015625 0.9625 0.4203125 0.9625 0.4390625 0.934375 0.44375 0.8671875 0.43125 0.8640625 0.4140625 0.875
2 0.9625 0.46018125000000004 0.9796875 0.3977203125 0.9953125 0.3821046875 0.9984375 0.371175 0.9984375 0.3515625 0.9421875 0.3515625 0.9375 0.365625 0.9125 0.3796875 0.8859375 0.4203125 0.7609375 0.5375 0.7625 0.628125 0.790625 0.678125 0.8296875 0.6703125 0.86875 0.6765625 0.86875 0.5991562500000001 0.85625 0.555434375 0.9125 0.5273265625 0.9625 0.46018125000000004
2 0.74375 0.309375 0.7421875 0.26875 0.753125 0.25156249999999997 0.7234375 0.234375 0.7296875 0.303125 0.74375 0.334375 0.75 0.3703125 0.7484375 0.4078125 0.7578125 0.428125 0.7703125 0.3515625 0.759375 0.34375 0.74375 0.309375
2 0.8796875 0.3265640625 0.8984375 0.3093765625 0.9 0.27187656250000003 0.85 0.2671890625 0.83125 0.2765640625 0.8390625 0.32432968749999996 0.8796875 0.3265640625
0 0.634375 0.5453125 0.6359375 0.5328125 0.6265625 0.5234375 0.634375 0.5125000000000001 0.6328125 0.45 0.6078125 0.44375 0.5671875000000001 0.459375 0.5546875 0.5109374999999999 0.5609375 0.5265624999999999 0.553125 0.5484375 0.5578124999999999 0.5953125 0.5640625 0.6109375 0.571875 0.6140625 0.609375 0.5953125 0.6125 0.5656249999999999 0.634375 0.5453125
0 0.3921875 0.825 0.3859375 0.821875 0.3921875 0.79375 0.3765625 0.7765625 0.3640625 0.7875 0.3515625 0.7828125 0.35 0.7625 0.334375 0.7328125 0.3015625 0.725 0.27968750000000003 0.809375 0.29375 0.9 0.309375 0.90625 0.3234375 0.9 0.340625 0.9 0.3453125 0.9078125 0.3734375 0.90625 0.39375 0.86875 0.3921875 0.825
0 0.7015625 0.29531250000000003 0.715625 0.26406250000000003 0.7125 0.240625 0.7015625 0.234375 0.6640625 0.2328125 0.6546875 0.2203125 0.615625 0.228125 0.5796875 0.3296875 0.6125 0.3734375 0.6296875 0.36875 0.640625 0.328125 0.68125 0.30625 0.684375 0.3109375 0.69375 0.29375 0.7015625 0.29531250000000003
2 0.7875 0.453125 0.7796875 0.45 0.746875 0.4625 0.715625 0.5125000000000001 0.7109375 0.5296875 0.7203125 0.5499999999999999 0.7359375 0.5484375 0.775 0.5171875 0.790625 0.5031249999999999 0.790625 0.4921875 0.7984375 0.490625 0.7875 0.453125