2 0.637356525462963 0.6437699675925926 0.6550585740740741 0.6613418541666667 0.6806768425925925 0.6693290740740742 0.6902378402777778 0.6661341851851852 0.6933617314814815 0.6565495208333333 0.6925689259259259 0.5495207662037037 0.6796355462962963 0.5287539930555556 0.6635901087962963 0.5191693287037037 0.6604780509259259 0.5303514375 0.6429298310185184 0.5335463263888889 0.6382084953703704 0.5431309907407408 0.6305525972222222 0.587859425925926 0.637356525462963 0.6437699675925926
2 0.38344574537037035 0.8706070277777778 0.40117145833333334 0.891373800925926 0.4267305648148148 0.891373800925926 0.4490237847222222 0.8817891365740741 0.45807596759259256 0.8099041527777778 0.4529049814814815 0.7587859421296296 0.4256301041666667 0.7428115023148147 0.4080582175925926 0.7428115023148147 0.3890072175925926 0.7587859421296296 0.38128032175925924 0.793929712962963 0.38344574537037035 0.8706070277777778
2 0.529641462962963 0.766773162037037 0.5441131226851852 0.7795527152777778 0.6337356527777778 0.8019169328703704 0.6496864282407407 0.7987220439814815 0.6719323148148149 0.7827476041666667 0.6717548217592593 0.7587859421296296 0.6524198333333333 0.736421724537037 0.6011714583333334 0.7188498402777778 0.5612353564814815 0.7188498402777778 0.5357354166666667 0.7268370601851851 0.5231333564814814 0.7507987222222222 0.529641462962963 0.766773162037037
2 0.24749733796296297 0.4169329074074074 0.27182581944444445 0.4664536736111111 0.2893858726851852 0.4648562291666667 0.3004259837962963 0.445686900462963 0.29198911342592593 0.38498402546296295 0.3010767939814815 0.3178913726851852 0.29142113194444447 0.30830670833333335 0.28023902314814814 0.30830670833333335 0.25475091666666666 0.3178913726851852 0.24749733796296297 0.4169329074074074
2 0.08363507175925926 0.5079872199074074 0.15710566666666667 0.5063897754629629 0.16665483333333334 0.5015974444444444 0.18251094675925927 0.48562300231481487 0.19665128240740742 0.4536741203703704 0.19305407638888888 0.3993610231481482 0.18013252777777777 0.3801916944444444 0.15767364814814813 0.36741214120370375 0.13986510416666667 0.3354632592592593 0.13187788425925925 0.3354632592592593 0.09975150925925926 0.3115015972222222 0.035770914351851854 0.30031948842592593 0.01525263425925926 0.3338658148148148 0.06098686342592593 0.46964856250000003 0.08363507175925926 0.5079872199074074
2 0.14208969444444444 0.6357827476851852 0.15528340046296296 0.6916932916666667 0.17463022222222224 0.7156549513888889 0.1856940023148148 0.6996805115740741 0.19811856481481482 0.6517571875 0.1960241412037037 0.584664537037037 0.1815643125 0.5734824282407407 0.1609277013888889 0.5910543125 0.14984025462962963 0.6038338657407407 0.14208969444444444 0.6357827476851852
2 0.5035380439814815 0.26198083101851855 0.5054194768518518 0.30031948842592593 0.5166725833333333 0.3099041527777778 0.527807361111111 0.30351437731481484 0.5467755300925926 0.2763578263888889 0.5433084837962963 0.2396166134259259 0.530481599537037 0.23322683796296298 0.5145308263888889 0.23642172453703705 0.5035380439814815 0.26198083101851855
2 0.7842622175925926 0.2044728425925926 0.8036682060185185 0.23642172453703705 0.8245888055555556 0.2571884976851852 0.8341853032407407 0.25878594212962963 0.8420305277777778 0.2396166134259259 0.8448585972222221 0.1900958472222222 0.8365282222222222 0.14376996759259258 0.8090995138888888 0.10702875462962963 0.7931369074074075 0.10862619907407407 0.7806413449074073 0.1469648564814815 0.7842622175925926 0.2044728425925926
2 0.805040824074074 0.6373801921296297 0.8166370833333333 0.6932907337962964 0.840586914351852 0.6916932916666667 0.8500650810185185 0.6773162939814815 0.8562300324074074 0.6469648564814814 0.8522305069444445 0.5383386574074074 0.8473553425925926 0.527156548611111 0.8330138425925926 0.5319488819444445 0.8078215601851851 0.5814696481481482 0.805040824074074 0.6373801921296297
2 0.5855520069444444 0.11980830555555555 0.5488107916666667 0.11980830555555555 0.5442906157407408 0.15654952083333332 0.5508223865740741 0.17571884953703704 0.5811501597222223 0.17252396064814815 0.5855520069444444 0.11980830555555555
2 0.3661341851851852 0.25878594212962963 0.37113951157407404 0.28753993518518517 0.39355105787037037 0.293929712962963 0.4126493912037037 0.28434504861111115 0.418920837962963 0.2683706064814815 0.413785349537037 0.22204472916666665 0.39608330324074076 0.2044728425925926 0.38649863888888886 0.2044728425925926 0.37221630555555557 0.21725239583333333 0.3661341851851852 0.25878594212962963
2 0.36279730092592594 0.4552715648148148 0.3725949606481482 0.48402556018518517 0.3838599004629629 0.49520766666666666 0.4477931597222222 0.5 0.4669033263888889 0.4920127800925926 0.4681812800925926 0.44888178935185186 0.4600993958333333 0.4361022361111111 0.3993610231481482 0.43130990509259254 0.3706425277777778 0.4361022361111111 0.36279730092592594 0.4552715648148148
2 0.4789492361111111 0.608626199074074 0.4854810092592593 0.6277955277777778 0.5046266712962962 0.6246006388888888 0.5141403379629629 0.6150159745370369 0.5235120092592592 0.5862619814814815 0.5217844027777778 0.5686900949074074 0.5009111342592593 0.554313099537037 0.4818719675925926 0.5718849837962963 0.4789492361111111 0.608626199074074
2 0.5472370138888889 0.3386581458333333 0.5489646203703704 0.3562300324074074 0.566643 0.37060702777777776 0.5762158333333334 0.3690095856481481 0.5825464444444445 0.3610223634259259 0.580818837962963 0.34345047916666666 0.5791622291666667 0.3354632592592593 0.5631049583333334 0.32428115046296296 0.5472370138888889 0.3386581458333333
2 0.16794462268518517 0.24440894675925925 0.19050999999999998 0.2715654953703704 0.24005443055555556 0.27476038425925925 0.2783812546296296 0.2731629398148148 0.28789492361111113 0.263578275462963 0.2887468935185185 0.1629392962962963 0.28384806481481484 0.14856230092592593 0.26131818749999997 0.12619808333333335 0.22935747222222222 0.12460063888888888 0.18795408796296298 0.14217252314814813 0.15444326157407406 0.1469648564814815 0.14960359722222222 0.1405750810185185 0.14164004398148147 0.14376996759259258 0.11121760648148148 0.13418530324074074 0.1015501111111111 0.12300319444444445 0.08878239351851852 0.12460063888888888 0.05355579166666667 0.1134185300925926 0.036007574074074074 0.11661341898148149 0.02968879398148148 0.12619808333333335 0.026837062499999998 0.17252396064814815 0.03340433101851852 0.19648562268518519 0.04629037962962963 0.21086262037037037 0.07505620601851852 0.2124600648148148 0.07996686574074074 0.22843450462962964 0.09121997222222221 0.23801916898148148 0.16794462268518517 0.24440894675925925
2 0.605774462962963 0.9089456875 0.6090995138888888 0.9265175717592592 0.618731511574074 0.9329073472222222 0.6298662870370371 0.9265175717592592 0.6314045671296297 0.9185303518518518 0.6309904143518518 0.8626198078703703 0.6260442546296296 0.8418530347222223 0.6132173703703704 0.8354632592592592 0.605774462962963 0.9089456875
2 0.9166370833333333 0.39137380092592594 0.9220920601851852 0.4808306712962963 0.9428825000000001 0.48402556018518517 0.9572239953703703 0.4792332268518518 0.9713761689814815 0.44888178935185186 0.9696248958333333 0.4281150162037037 0.9582889583333334 0.40734824305555556 0.9342208032407407 0.39297124537037037 0.9166370833333333 0.39137380092592594
2 0.09410720833333333 0.8434504791666667 0.10081647222222222 0.8865814699074074 0.11212874305555555 0.9041533541666666 0.13920246064814815 0.8929712453703703 0.1582416273148148 0.8753993611111112 0.16063187731481482 0.766773162037037 0.13955744907407408 0.7252396157407408 0.10922967592592593 0.7284345046296296 0.09520766666666666 0.7763578263888888 0.09410720833333333 0.8434504791666667
0 0.5221867222222222 0.6230031944444444 0.5243048148148148 0.6932907337962964 0.5308010902777778 0.7076677314814815 0.5499704189814815 0.7076677314814815 0.5546207546296297 0.6884984027777777 0.5537096203703703 0.5654952083333333 0.5439474606481481 0.5415335462962962 0.5326943541666667 0.5319488819444445 0.526316412037037 0.5335463263888889 0.5215832430555556 0.5415335462962962 0.5266359004629629 0.5766773171296297 0.5221867222222222 0.6230031944444444
0 0.4989942013888889 0.9424920138888888 0.5151224699074074 0.963258787037037 0.5311442430555556 0.9696485625 0.5439237939814815 0.9696485625 0.5565968518518518 0.9552715648148149 0.5527748194444444 0.8706070277777778 0.5510945462962963 0.8594249189814815 0.5414507175925926 0.8514376990740741 0.5110992800925926 0.8514376990740741 0.5000591643518518 0.8706070277777778 0.4989942013888889 0.9424920138888888