2 0.5198753217592592 0.7439677314814815 0.5144114421296296 0.7131035324074074 0.4517051712962963 0.716819460648148 0.43458012268518514 0.9279427939814815 0.5038870555555556 0.9238357175925926 0.5198753217592592 0.7439677314814815
2 0.22878621064814816 0.6578046689814815 0.23047304861111112 0.6757609097222222 0.24682801620370373 0.6764331990740741 0.26853685416666667 0.6538076018518518 0.2822148888888889 0.5922625601851852 0.2770077013888889 0.5400440046296296 0.25958929398148145 0.5328688425925926 0.25089842361111114 0.5383082754629629 0.22878621064814816 0.6578046689814815
2 0.7513017962962962 0.41180784722222225 0.7590392384259259 0.45402762500000005 0.7808214166666666 0.46751008564814817 0.8264026412037038 0.45331866435185186 0.8398606527777778 0.4311820069444444 0.8505683912037036 0.38458623611111115 0.7707370740740741 0.3778266712962963 0.7513017962962962 0.41180784722222225
2 0.7232123217592593 0.6170150347222223 0.7330033009259259 0.6361325023148148 0.7558122476851852 0.6380638055555556 0.7679501273148148 0.6307786319444445 0.7764576458333333 0.608935337962963 0.777997800925926 0.5546754675925926 0.7710671064814816 0.5403129212962963 0.7293729375 0.5477081041666667 0.7232123217592593 0.6170150347222223
2 0.7632929976851851 0.8493704907407407 0.7814814814814816 0.8663488587962962 0.8033736712962963 0.8601271250000001 0.8201320115740741 0.8377948912037037 0.831133113425926 0.7878987893518519 0.8266960023148149 0.7454834374999999 0.8057572430555555 0.7040459606481482 0.7812981296296295 0.7022124444444444 0.7648698194444444 0.7392983726851852 0.7610561041666666 0.7822026643518518 0.7632929976851851 0.8493704907407407
2 0.5331866527777778 0.5018824097222222 0.5748808217592593 0.49448722453703703 0.5922625601851852 0.4836083611111111 0.6122112222222222 0.4807847430555555 0.6163549699074075 0.4526341527777778 0.6074807476851852 0.44166972453703707 0.557169050925926 0.41674612037037034 0.4718005138888889 0.4168805763888889 0.4607627430555556 0.44872265046296295 0.4594792824074074 0.48162816203703707 0.46850018518518516 0.49094242824074075 0.5033003310185186 0.48723872222222225 0.5331866527777778 0.5018824097222222
2 0.6639530625 0.2495538449074074 0.6520352037037037 0.29129690740740743 0.6456912337962962 0.4180662523148148 0.6605793912037037 0.4352401898148148 0.6940960740740741 0.39057572453703704 0.6941694166666666 0.35281750462962963 0.691639162037037 0.28895000694444445 0.6750641736111112 0.2538198263888889 0.6639530625 0.2495538449074074
2 0.7943894398148148 0.13020413194444444 0.7750641736111111 0.14448111342592593 0.774477449074074 0.15108177314814814 0.781921525462963 0.19660188194444445 0.8066006597222222 0.23289328935185183 0.9649064907407408 0.2432098773148148 0.9738907222222223 0.2344701134259259 0.9827141689814815 0.13520634027777778 0.9420242037037037 0.13130424305555555 0.7943894398148148 0.13020413194444444
2 0.33593692824074073 0.37568756712962964 0.34363769675925926 0.39985331944444447 0.36343967824074075 0.39867986805555555 0.383791712962963 0.37285172916666665 0.39585625231481486 0.3294585023148148 0.3941327476851852 0.2934482337962963 0.34994499305555554 0.3288962222222222 0.33593692824074073 0.37568756712962964
2 0.40898423148148144 0.21870186805555555 0.40443711111111114 0.2698569837962963 0.41257792592592596 0.2890722407407407 0.4233956736111111 0.2966385509259259 0.43912724537037034 0.28585747685185187 0.4498349814814815 0.2392617060185185 0.43505683796296296 0.20238357175925928 0.40898423148148144 0.21870186805555555
2 0.054345435185185184 0.6074074074074074 0.046094611111111114 0.6817626203703704 0.05485881944444445 0.7124312430555556 0.06310964351851853 0.7119423055555556 0.07312064583333333 0.6916513888888889 0.08129812962962964 0.5811881203703704 0.07510084490740741 0.5585747453703704 0.057865787037037035 0.5678034467592593 0.05430876388888889 0.5893533796296296 0.06138613888888889 0.602065761574074 0.054345435185185184 0.6074074074074074
2 0.10352035416666666 0.2203887060185185 0.10443711111111112 0.22854174305555558 0.1293362662037037 0.2254247662037037 0.1516685 0.21425253703703703 0.17257059027777777 0.16376970833333335 0.172093875 0.15066617824074074 0.1665199837962963 0.13950617361111112 0.15375870833333333 0.13533797685185187 0.1096809699074074 0.15108177546296295 0.09105243750000001 0.21292018055555553 0.10352035416666666 0.2203887060185185
2 0.27517418518518516 0.8930693078703704 0.28826549305555554 0.911991199074074 0.2965163171296296 0.9115022615740741 0.3111844513888889 0.8942183125 0.32475247453703704 0.8523774583333333 0.32753942129629626 0.821024324074074 0.30652731944444445 0.8173450671296296 0.2840484050925926 0.8301674606481482 0.27517418518518516 0.8930693078703704
2 0.41609827546296296 0.5449333842592593 0.4038137152777778 0.5538687199074074 0.39607627314814814 0.5855152199074074 0.40744407638888885 0.6422931203703703 0.4258892546296296 0.637917125 0.4286028611111111 0.5704559328703703 0.41609827546296296 0.5449333842592593
0 0.3506417314814815 0.7457890231481481 0.3665566550925926 0.7514118078703703 0.4283461666666667 0.7395428425925926 0.4271360462962963 0.7346901365740741 0.45034836805555556 0.7136169166666667 0.45493215972222223 0.6805158310185185 0.44224422453703705 0.6385894143518519 0.4294829490740741 0.6344212199074074 0.42720938657407403 0.6230656388888889 0.39878987962962964 0.5919203032407407 0.39732306481481483 0.5714888171296296 0.40352035185185187 0.557169050925926 0.4168683541666667 0.5547365833333333 0.4174550810185185 0.5481359236111111 0.41081774768518514 0.5304730462962963 0.3946094606481481 0.5281505925925926 0.35672900462962964 0.5665077615740741 0.3405940601851852 0.6741596365740741 0.34829483101851855 0.6983253888888888 0.3506417314814815 0.7457890231481481
2 0.2693802708333333 0.8474514120370371 0.27084708333333335 0.8309497615740741 0.2979831319444444 0.8211343356481481 0.29493949305555556 0.7999755532407408 0.30586725462962966 0.787837673611111 0.30924092361111116 0.7498838773148149 0.29570956944444443 0.7359124814814815 0.20792079398148147 0.7263415231481481 0.1903923726851852 0.7388705532407407 0.18569856944444446 0.7916758333333334 0.20069673842592592 0.8630118564814815 0.22097543055555557 0.8749419375 0.23175650925925928 0.8644542245370371 0.2585991944444444 0.8579391273148148 0.2627796111111111 0.8478425625 0.2693802708333333 0.8474514120370371
2 0.11954528703703703 0.8711037777777777 0.12471580555555556 0.9052683055555556 0.17051705092592592 0.925534775462963 0.1870187013888889 0.924556900462963 0.19464612962962966 0.9126145949074074 0.19446278009259257 0.8962107337962962 0.19354602314814814 0.8880576944444444 0.1591492476851852 0.8687568773148149 0.1349834976851852 0.8636230277777778 0.11954528703703703 0.8711037777777777
2 0 0.4861118657407407 0.008470847222222223 0.4771666064814815 0.026182618055555554 0.4071751597222222 0.023762375 0.39746974768518517 0.004107078703703703 0.3969930324074074 0 0.4000490648148148 0 0.4861118657407407