2 0.2352036412037037 0.1514457962962963 0.2279438912037037 0.16014519444444442 0.3764611782407407 0.16457487499999998 0.3991632824074074 0.14834502314814813 0.3800910555555555 0.13789836342592593 0.2707025949074074 0.14107296527777777 0.2352036412037037 0.1514457962962963
2 0.6668512361111111 0.03986711111111111 0.6647594421296297 0.0234526875 0.6391657453703703 0.011738648148148147 0.5212255462962962 0.018727696759259258 0.494032238425926 0.02860834259259259 0.4915097824074074 0.0403346875 0.4685615833333333 0.05988679861111111 0.4636397175925926 0.12633198148148148 0.48898732638888887 0.14136827777777777 0.5332225902777777 0.14701611805555556 0.5752430185185186 0.13791066666666665 0.6008982407407407 0.1264673310185185 0.6117263449074074 0.11424880092592593 0.621570076388889 0.11531930787037037 0.6536852453703703 0.08364710185185185 0.6575612152777778 0.05364833333333333 0.6668512361111111 0.03986711111111111
2 0.40014765740740743 0.6262458472222222 0.28682170601851853 0.6379229722222222 0.2643656944444444 0.6508305648148147 0.25981296990740743 0.6676387361111111 0.2745170416666667 0.6700750578703704 0.3202288657407407 0.6557893449074074 0.4036544861111111 0.6458840902777778 0.40014765740740743 0.6262458472222222
2 0.2572905138888889 0.8579795740740741 0.37726098148148146 0.845908699074074 0.3897502152777778 0.8335917314814815 0.3774455509259259 0.8210901921296296 0.3268118611111111 0.8125138425925926 0.31327673148148144 0.8166236018518518 0.2942045023148148 0.8061769421296296 0.23926418055555557 0.8110865023148148 0.22320659490740738 0.8269226018518518 0.2203149976851852 0.8436323356481481 0.2572905138888889 0.8579795740740741
2 0.07272056018518519 0.6704565023148148 0.07456626157407407 0.6455395601851852 0.06878306944444444 0.6343054027777777 0.08613264351851851 0.6233542523148148 0.09437676851851852 0.6013658171296297 0.014888643518518518 0.6027685486111111 0.0016611296296296296 0.6250522939814814 0.013658175925925926 0.6640334675925926 0.027870062499999997 0.6731143101851852 0.07272056018518519 0.6704565023148148
2 0.20757967129629631 0.4127353263888889 0.21428571296296295 0.38918420138888893 0.17731020138888887 0.3748369629629629 0.14408760879629628 0.37680571064814816 0.07665805324074074 0.3940322384259259 0.06232312037037037 0.43126615046296296 0.09314630324074075 0.4393626180555556 0.1949673912037037 0.42671342361111114 0.20757967129629631 0.4127353263888889
2 0.5300233773148149 0.23485911342592591 0.5954841875 0.2442106574074074 0.69195275 0.23684016435185185 0.6810631226851852 0.22756244675925927 0.5910545092592593 0.21470407175925926 0.5580780115740741 0.21335056018518517 0.5300233773148149 0.23485911342592591
2 0.514088837962963 0.4276485787037037 0.517349574074074 0.40595545833333335 0.5128583726851852 0.39960625 0.4646856157407408 0.4024609328703704 0.4555186412037037 0.414581025462963 0.45644149074074075 0.4244493680555555 0.47680571064814814 0.4397809768518518 0.5033837824074074 0.43820597916666665 0.514088837962963 0.4276485787037037
2 0.5201796481481482 0.5463639722222222 0.5227636273148148 0.556133875 0.5402977731481481 0.5650178402777778 0.5832410486111111 0.5657807291666667 0.6263688935185185 0.5417251134259259 0.6532545833333333 0.5136704814814815 0.6472252986111111 0.5057585810185186 0.5825642916666667 0.5079365069444445 0.5330380208333333 0.5290636157407408 0.5306386134259259 0.5391288310185185 0.5201796481481482 0.5463639722222222
2 0.797096099537037 0.1346868472222222 0.8156146180555555 0.13028177546296296 0.8229974166666666 0.0752676273148148 0.8188753541666666 0.06393503009259259 0.8046634675925927 0.05485418981481481 0.7447397569444445 0.0600590625 0.7149009467592592 0.08332718055555556 0.7034576111111112 0.10385136111111111 0.7527377893518519 0.13070013425925925 0.797096099537037 0.1346868472222222
2 0.07776547453703703 0.11116032870370371 0.04165128472222222 0.1298388101851852 0.030084900462962964 0.15202411805555555 0.0361141875 0.20458964120370368 0.08816291203703705 0.21638981018518516 0.1248308125 0.21256306018518517 0.16069890509259258 0.19720684259259258 0.1952134861111111 0.1554694212962963 0.21945367129629628 0.1408022662037037 0.22437553703703705 0.11901070601851851 0.20118124768518517 0.09723144907407406 0.1520856388888889 0.09021779166666667 0.07776547453703703 0.11116032870370371
2 0.7938968865740741 0.8030269467592593 0.8339485671296296 0.7758459467592593 0.8460071388888889 0.7470161180555556 0.8431155416666667 0.7190722291666667 0.8351790324074074 0.7145810277777778 0.7755014166666667 0.7164636412037036 0.7228374537037037 0.757622738425926 0.7177925439814815 0.7810754282407407 0.7254214328703704 0.8120462638888889 0.7938968865740741 0.8030269467592593
2 0.7131782939814815 0.46381198611111113 0.669988925925926 0.46637135416666664 0.6530084907407407 0.47233911805555556 0.6526393495370371 0.47732250694444445 0.6688815069444445 0.4813215208333333 0.7256060046296297 0.4746523935185185 0.7245601087962963 0.4664451828703704 0.7131782939814815 0.46381198611111113
2 0.7270210416666666 0.2546080949074074 0.921434724537037 0.26458717824074074 0.976252 0.2613387476851852 0.978575150462963 0.22997622222222222 0.7175464490740742 0.2485542013888889 0.7270210416666666 0.2546080949074074
2 0.5324843101851852 0.9160944999999999 0.5472499074074074 0.8953734467592592 0.5413436689814815 0.8858004166666666 0.40513104398148153 0.8938722777777778 0.39633321064814814 0.9010089814814815 0.39461055787037036 0.9242647962962963 0.40063984027777777 0.9321766967592593 0.48474221759259256 0.9354620416666667 0.5324843101851852 0.9160944999999999
2 0.8439153425925926 0.9092161944444443 0.8335179050925926 0.8932939583333334 0.7876215069444444 0.8877445555555555 0.6930601712962963 0.8916943518518518 0.6620524166666667 0.9084163912037037 0.709363849537037 0.9171896157407408 0.7937123171296295 0.9171527013888889 0.8402239444444445 0.9143964583333334 0.8439153425925926 0.9092161944444443
0 0.41374431018518515 0.5096714652777778 0.41934293055555555 0.5010705069444444 0.41897379166666665 0.46140027083333335 0.3896271689814815 0.4333702476851852 0.3641565162037037 0.4199950787037037 0.3215823796296296 0.4142488009259259 0.304417375 0.40038144444444446 0.2783314884259259 0.39531192129629633 0.23206595370370373 0.39474590740740745 0.21471637731481483 0.4056970578703704 0.20776424305555555 0.4325704444444444 0.20099667824074074 0.43462532407407406 0.1814322638888889 0.47547680555555555 0.18401624074074074 0.48524670833333333 0.19527500925925928 0.48954103703703705 0.1890611527777778 0.5064476435185186 0.18979943287037035 0.5411344907407408 0.23415774768518519 0.5451212013888889 0.25821336342592593 0.5552725486111111 0.361572537037037 0.5441860462962963 0.3751076643518519 0.5400762893518519 0.41374431018518515 0.5096714652777778
2 0.05500184490740741 0.7310446643518518 0.10797342129629629 0.7527131782407408 0.14900947453703706 0.7568967638888888 0.20585702083333335 0.7485665069444445 0.23022025231481483 0.7322382175925926 0.23286575462962963 0.7188507430555555 0.22529838888888887 0.7093761527777778 0.18733850000000002 0.7083179513888889 0.10778885185185186 0.6882244375 0.05795496527777778 0.6911775555555556 0.050203025462962965 0.7065214722222223 0.05500184490740741 0.7310446643518518
2 0.7021040972222222 0.6579672708333333 0.7013658171296296 0.667934048611111 0.672265287037037 0.681235386574074 0.6831549143518519 0.6905131041666667 0.7145933310185185 0.6903039236111111 0.8046634675925927 0.6800049212962963 0.817152701388889 0.6676879537037037 0.8161068032407407 0.6594807430555556 0.7887289282407408 0.6495262708333334 0.7608588657407408 0.6462163171296297 0.7207456643518518 0.6519010717592593 0.7021040972222222 0.6579672708333333
2 0.7968500069444444 0.4952380949074074 0.7654115902777777 0.4954472731481481 0.757782699074074 0.5091300601851851 0.7731635300925925 0.5247569837962963 0.8146917685185185 0.5222960509259259 0.8385628148148149 0.5126122800925926 0.8165374675925926 0.4973791064814815 0.7968500069444444 0.4952380949074074