2 0.19444444444444445 0.4864197523148148 0.1931712962962963 0.4411908425925926 0.18101851851851852 0.41568930092592593 0.16655092592592594 0.40772890972222225 0.146875 0.4261702685185185 0.14386574074074074 0.4594264398148148 0.15069444444444444 0.5095936203703704 0.1652777777777778 0.5192901226851853 0.17916666666666667 0.5185699583333333 0.19444444444444445 0.4864197523148148
2 0.453125 0.7604552476851851 0.46087962962962964 0.9029063796296297 0.4710648148148148 0.9511574074074074 0.48726851851851855 0.9590277777777778 0.49247685185185186 0.9064943425925925 0.47997685185185185 0.7712577152777778 0.4664351851851852 0.7510545277777778 0.453125 0.7604552476851851
2 0.6737268518518519 0.8552854930555556 0.6819444444444445 0.9524176944444444 0.6912037037037038 0.9606481481481481 0.7085648148148148 0.9597479421296297 0.709375 0.8935056574074074 0.7 0.8574074074074074 0.6837962962962962 0.8495370370370371 0.6737268518518519 0.8552854930555556
2 0.746412037037037 0.6651105972222223 0.7327546296296297 0.6170396087962963 0.7234953703703704 0.5304140949074074 0.6972222222222222 0.5282921805555555 0.6878472222222222 0.5444573055555556 0.6925925925925925 0.5633744861111111 0.6884259259259259 0.6054012337962964 0.6987268518518519 0.6553883749999999 0.7274305555555556 0.6678369351851852 0.746412037037037 0.6651105972222223
2 0.8751157407407407 0.6096579212962964 0.8744212962962963 0.6253729421296297 0.8959490740740741 0.6869727361111111 0.929050925925926 0.6869984560185186 0.9454861111111111 0.6460776759259259 0.9327546296296296 0.6118955763888889 0.8950231481481481 0.594688787037037 0.8751157407407407 0.6096579212962964
2 0.2947916666666667 0.3975951643518518 0.2847222222222222 0.2726851851851852 0.2709490740740741 0.37966821064814815 0.2701388888888889 0.4197788055555556 0.2913194444444444 0.4500385810185185 0.29444444444444445 0.4446502060185185 0.28715277777777776 0.4398019537037037 0.2950231481481482 0.4271990740740741 0.2947916666666667 0.3975951643518518
2 0.09722222222222222 0.4130658425925926 0.09560185185185184 0.388760287037037 0.13020833333333334 0.35909207870370374 0.14606481481481481 0.3617541157407408 0.1474537037037037 0.35645576157407405 0.14548611111111112 0.3269418726851852 0.12974537037037037 0.32601594675925927 0.12511574074074072 0.3088348773148148 0.10428240740740741 0.3099151226851852 0.07222222222222222 0.27325102777777777 0.07002314814814815 0.24026491666666666 0.08402777777777777 0.21514917592592595 0.08298611111111111 0.19952417592592595 0.1 0.19341563888888888 0.10081018518518518 0.17943672916666667 0.11631944444444445 0.17689043287037037 0.11354166666666667 0.1352237662037037 0.09780092592592593 0.13429784027777777 0.0951388888888889 0.12049897222222222 0.08148148148148149 0.1246913587962963 0.07708333333333332 0.11098250925925925 0.040046296296296295 0.07806069907407408 0.013657407407407408 0.07420267592592593 0.014583333333333334 0.06195987731481482 0.004216270833333333 0.0632440462962963 0.02734375 0.41015625 0.029398148148148145 0.4148405347222222 0.09722222222222222 0.4130658425925926
2 0.26412037037037034 0.3033693425925926 0.20682870370370368 0.30634002083333334 0.21331018518518519 0.35129886805555555 0.24641203703703704 0.35132458796296295 0.2730324074074074 0.33252314814814815 0.26412037037037034 0.3033693425925926
2 0.18078703703703702 0.6474022638888889 0.18333333333333335 0.7117283958333332 0.19872685185185185 0.7335776759259259 0.209375 0.7103780856481481 0.2108796296296296 0.6806841574074075 0.20219907407407406 0.6027391967592592 0.1920138888888889 0.6067515439814815 0.18078703703703702 0.6474022638888889
2 0.5741898148148148 0.3029706782407407 0.5774305555555556 0.35158178935185186 0.5991898148148148 0.3905221203703704 0.6150462962962963 0.3931841574074074 0.6223379629629631 0.3719007199074074 0.609375 0.308114712962963 0.5847222222222223 0.27803497916666664 0.5741898148148148 0.3029706782407407
2 0.4376157407407408 0.4232896087962963 0.4510416666666667 0.49402006249999997 0.4916666666666667 0.5023662546296296 0.50625 0.4859310694444445 0.5050925925925925 0.4424382708333333 0.49560185185185185 0.4307355972222222 0.45289351851851856 0.41727109027777776 0.4376157407407408 0.4232896087962963
2 0.5412037037037037 0.30468106944444445 0.5615740740740741 0.27052469212962965 0.5606481481481481 0.23050411574074073 0.5453703703703704 0.21039094675925926 0.5259259259259259 0.2323045277777778 0.5299768518518518 0.29306841666666666 0.5412037037037037 0.30468106944444445
2 1 0.3327219976851852 0.9831018518518518 0.32183641898148146 0.9706018518518519 0.3433899166666667 0.9824074074074074 0.4943415648148148 0.9927083333333334 0.5181970162037037 1 0.5194818564814815 1 0.3327219976851852
2 0.8140046296296296 0.1372299375 0.8388888888888888 0.17078189351851852 0.8620370370370369 0.17829218055555554 0.8844907407407407 0.17538580324074074 0.902662037037037 0.1605066875 0.8820601851851853 0.08666409490740741 0.8495370370370371 0.06918724305555556 0.8453703703703703 0.058950618055555556 0.83125 0.05619856018518519 0.8236111111111112 0.07227366203703703 0.8013888888888888 0.0786522638888889 0.8140046296296296 0.1372299375
2 0.17395833333333335 0.9369470162037038 0.15428240740740742 0.79859825 0.1355324074074074 0.7786651226851852 0.11851851851851852 0.784773662037037 0.10787037037037038 0.80797325 0.10810185185185185 0.8637088472222223 0.11921296296296297 0.9258487662037036 0.1386574074074074 0.9561985601851852 0.15613425925925928 0.9570344652777778 0.17395833333333335 0.9369470162037038
2 0.691087962962963 0.8282536018518519 0.6648148148148147 0.7216049375 0.6341435185185185 0.705774175925926 0.6028935185185185 0.7335262337962963 0.5922453703703704 0.7567258240740741 0.6008101851851853 0.8068029837962962 0.6201388888888888 0.8354166666666666 0.6685185185185185 0.8555555555555556 0.6892361111111112 0.8527391967592592 0.691087962962963 0.8282536018518519
2 0.09745370370370371 0.5471965023148149 0.11145833333333333 0.5482124490740741 0.12800925925925924 0.5351594652777778 0.13518518518518519 0.5121399166666666 0.12141203703703704 0.43620113194444443 0.11157407407407408 0.4192901226851852 0.08391203703703703 0.3963348773148148 0.049652777777777775 0.40507973148148146 0.04826388888888889 0.41037808564814815 0.057638888888888885 0.47260802546296293 0.07025462962962964 0.505054011574074 0.09745370370370371 0.5471965023148149
2 0.9378472222222222 0.6621527777777778 0.9454861111111111 0.6460776759259259 0.9280092592592593 0.5145833333333334 0.9172453703703703 0.5099151226851851 0.9082175925925926 0.5312885810185185 0.9238425925925926 0.6611368310185185 0.9378472222222222 0.6621527777777778
2 0.1784722222222222 0.22070473148148148 0.1778935185185185 0.18589249074074074 0.16805555555555554 0.16898148148148148 0.08993055555555556 0.1730324074074074 0.056365740740740744 0.19219393055555556 0.05543981481481481 0.2305684166666667 0.06574074074074074 0.25442386805555556 0.14525462962962962 0.271206275462963 0.16203703703703703 0.2616255138888889 0.1784722222222222 0.22070473148148148
0 0.5680555555555555 0.576800412037037 0.5690972222222223 0.592425412037037 0.540625 0.6618441365740741 0.549074074074074 0.7101851851851853 0.5873842592592593 0.7622042175925926 0.6152777777777778 0.7625 0.6222222222222222 0.7098765439814815 0.6342592592592593 0.6813786018518518 0.6254629629629629 0.6539609050925926 0.6199074074074075 0.5706275717592593 0.571412037037037 0.5226208842592592 0.5525462962962963 0.5270833333333333 0.5412037037037037 0.5398662546296296 0.5680555555555555 0.576800412037037
2 0.5596064814814815 0.6329861111111111 0.5731481481481482 0.5747942384259259 0.5616898148148148 0.5597093611111111 0.5493055555555556 0.5568672847222222 0.5143518518518518 0.5813271597222222 0.5100694444444445 0.5954861111111112 0.5212962962962963 0.6070987662037036 0.5303240740740741 0.6379886828703704 0.543287037037037 0.6495113171296296 0.5596064814814815 0.6329861111111111