2 0 0.28750000000000003 0.075 0.478125 0.0828125 0.484375 0.1125 0.4828125 0.1625 0.49375 0.1859375 0.4546875 0.178125 0.446875 0.1859375 0.421875 0.1734375 0.3609375 0.1234375 0.284375 0.1125 0.27968750000000003 0.10625 0.25625000000000003 0.0703125 0.25156249999999997 0.0046875 0.25937499999999997 0 0.2625 0 0.28750000000000003
2 0.1578125 0.6359375 0.159375 0.671875 0.1734375 0.69375 0.1890625 0.6765625 0.196875 0.6453125 0.196875 0.5890624999999999 0.190625 0.5734374999999999 0.178125 0.5828125000000001 0.1578125 0.6359375
2 0.415625 0.7234375 0.40625 0.7296875 0.403125 0.8546875 0.409375 0.9296875 0.4234375 0.9453125 0.4375 0.946875 0.446875 0.79375 0.440625 0.778125 0.4390625 0.740625 0.415625 0.7234375
2 0.621875 0.828125 0.6 0.821875 0.596875 0.83125 0.5984375 0.8703125 0.5906250000000001 0.915625 0.6015625 0.946875 0.6109375 0.95 0.6234375 0.946875 0.6328125 0.9328125 0.634375 0.8640625 0.621875 0.828125
2 0.6609375 0.5375 0.634375 0.5281250000000001 0.625 0.5453125 0.6265625 0.5796875 0.6171875 0.5906250000000001 0.6109375 0.621875 0.621875 0.64375 0.6578125 0.659375 0.65625 0.65 0.665625 0.6375 0.6609375 0.5375
2 0.8203125 0.546875 0.8140625 0.553125 0.8 0.5890624999999999 0.796875 0.63125 0.803125 0.6734375 0.809375 0.68125 0.821875 0.6828125 0.83125 0.6796875 0.8375 0.6625 0.828125 0.5484375 0.8203125 0.546875
2 0.27499999999999997 0.425 0.2984375 0.3796875 0.2984375 0.3 0.29062499999999997 0.2859375 0.26406250000000003 0.38125 0.2609375 0.4140625 0.27499999999999997 0.425
2 0.553125 0.3796875 0.571875 0.4109375 0.5812499999999999 0.39375 0.578125 0.340625 0.5703125 0.3265625 0.553125 0.3140625 0.5484375 0.325 0.553125 0.3796875
2 0.8078125 0.121875 0.7921875 0.115625 0.7828125 0.115625 0.7765625 0.1265625 0.7546875 0.13125 0.759375 0.1765625 0.7796875 0.2203125 0.7984375 0.221875 0.80625 0.23125 0.8265625 0.228125 0.8421875 0.2140625 0.8296875 0.14531249999999998 0.8078125 0.121875
2 0.5515625000000001 0.1953125 0.5640625 0.203125 0.571875 0.1890625 0.5750000000000001 0.1421875 0.5671875000000001 0.1109375 0.5609375 0.1140625 0.5515625000000001 0.15 0.5515625000000001 0.1953125
2 0.4296875 0.4421875 0.434375 0.4828125 0.4453125 0.490625 0.4625 0.4875 0.475 0.465625 0.471875 0.4484375 0.4625 0.4390625 0.434375 0.434375 0.4296875 0.4421875
2 0.5234375 0.296875 0.5343749999999999 0.27499999999999997 0.5281250000000001 0.2390625 0.5171875 0.2359375 0.4953125 0.25937499999999997 0.5 0.28750000000000003 0.5234375 0.296875
2 0.2859375 0.2578125 0.3 0.28125 0.3140625 0.25156249999999997 0.3171875 0.1578125 0.3140625 0.1515625 0.28750000000000003 0.1578125 0.284375 0.16875 0.2859375 0.2578125
2 0 0.246875 0.05625 0.253125 0.1734375 0.2453125 0.18125 0.2390625 0.196875 0.19375 0.1875 0.1796875 0.1890625 0.16875 0.1640625 0.153125 0.07187500000000001 0.121875 0.0078125 0.12968749999999998 0 0.13749999999999998 0 0.246875
2 0.6109375 0.7328125 0.5671875000000001 0.728125 0.5359375000000001 0.74375 0.5437500000000001 0.775 0.5546875 0.778125 0.5640625 0.790625 0.5875 0.8 0.61875 0.803125 0.628125 0.7953125 0.6265625 0.7515625 0.6109375 0.7328125
0 0.521875 0.734375 0.5281250000000001 0.7421875 0.5484375 0.7421875 0.5671875000000001 0.6671875 0.5609375 0.5671875000000001 0.525 0.5265624999999999 0.4984375 0.5281250000000001 0.4890625 0.5359375000000001 0.4796875 0.6265625 0.4609375 0.684375 0.4625 0.7078125 0.4671875 0.715625 0.48125 0.71875 0.4890625 0.7359375 0.5 0.73125 0.521875 0.734375
2 0.9109375 0.3921875 0.903125 0.403125 0.896875 0.4484375 0.896875 0.5171875 0.903125 0.5343749999999999 0.91875 0.53125 0.9234375 0.5437500000000001 0.946875 0.5078125 0.9546875 0.4328125 0.928125 0.3984375 0.9109375 0.3921875
2 0.1203125 0.734375 0.1 0.74375 0.090625 0.7890625 0.0953125 0.8640625 0.1109375 0.8890625 0.12812500000000002 0.89375 0.146875 0.8828125 0.1515625 0.853125 0.15 0.778125 0.134375 0.7390625 0.1203125 0.734375