2 0 0.31511222222222224 0.06467959953703703 0.48607877777777775 0.0725690787037037 0.49283950694444445 0.1027395648148148 0.4928159907407408 0.1534509097222222 0.5065608472222222 0.1775543796296296 0.468112875 0.16967665972222223 0.45976484490740743 0.17780129398148148 0.43477954166666666 0.16556143287037037 0.3722163425925926 0.11534391435185185 0.2918048194444444 0.1042680763888889 0.28646678472222226 0.09809523842592592 0.2623280416666667 0.06162257407407407 0.25567313194444447 0 0.25981026157407405 0 0.31511222222222224
2 0.1814226921296296 0.5889947083333333 0.1686537337962963 0.5978600833333333 0.1476190462962963 0.6507583773148148 0.1489359212962963 0.6873486180555555 0.16305702546296297 0.7103115810185185 0.1790593773148148 0.6936743078703704 0.18723104166666665 0.662339798611111 0.18765432175925925 0.6051969421296297 0.1814226921296296 0.5889947083333333
2 0.44008230324074077 0.8263021759259259 0.43385067592592597 0.8100999421296295 0.4325455625 0.7719223981481482 0.408865375 0.753227513888889 0.3992945324074074 0.7590828935185185 0.3951793055555555 0.885902412037037 0.4009641388888889 0.9624221041666666 0.41513227546296294 0.9790358611111111 0.4294062314814815 0.9813639050925926 0.44008230324074077 0.8263021759259259
2 0.6055731921296297 0.9936743078703704 0.6182951203703704 0.9911581435185185 0.6279247499999999 0.9773662546296296 0.6300293958333334 0.9076072893518519 0.6176014097222222 0.8704409166666667 0.5954262199074074 0.8629394490740742 0.5921810717592593 0.8722986458333333 0.5934744259259259 0.9120634930555556 0.5851969444444445 0.9576837152777777 0.5960728981481481 0.9900058796296297 0.6055731921296297 0.9936743078703704
2 0.6189888287037036 0.6831393287037038 0.6553791898148148 0.7009053495370371 0.6538624351851852 0.6912992361111111 0.6634803055555556 0.679094650462963 0.6594708981481482 0.5772604351851852 0.6325573194444445 0.5663374490740741 0.6229041736111112 0.5833039375 0.6242328032407407 0.6183068773148148 0.6146266898148148 0.628924162037037 0.6080423263888889 0.660340974537037 0.6189888287037036 0.6831393287037038
2 0.8218694884259259 0.7333568472222223 0.8314168148148148 0.7306760740740741 0.8378953564814815 0.713544974537037 0.8292298657407408 0.5971781319444445 0.8213051157407407 0.5951793055555555 0.814908875 0.6011992962962963 0.8003527337962963 0.6369664907407407 0.7968606689814814 0.679659025462963 0.8028924143518518 0.722845386574074 0.8091828356481481 0.731111111111111 0.8218694884259259 0.7333568472222223
2 0.26825396759259257 0.4426455023148148 0.2924044675925926 0.39784832407407406 0.29300411574074076 0.3168959421296296 0.2851734282407407 0.30219870833333334 0.25747207638888886 0.3976249259259259 0.2540505578703704 0.430793650462963 0.26825396759259257 0.4426455023148148
2 0.5467842453703704 0.3554614930555556 0.5511346273148148 0.41126396296296297 0.5699470902777778 0.44399765046296297 0.5796002361111111 0.42703115740740744 0.5768253958333334 0.3728982962962963 0.5689947083333333 0.3582010578703703 0.5516284537037037 0.34459729629629626 0.5467842453703704 0.3554614930555556
2 0.782492650462963 0.2612933564814815 0.8015285138888889 0.26386831250000004 0.8093944745370371 0.27380364583333333 0.8300529097222222 0.271699 0.8460317476851853 0.25823633333333335 0.833850675925926 0.187736625 0.8118048194444444 0.16277483796296296 0.7959788356481482 0.15560258796296297 0.7864550277777779 0.15510876157407408 0.7800235162037038 0.16589065277777776 0.7577660208333333 0.16950029398148148 0.7621869467592594 0.2157789537037037 0.782492650462963 0.2612933564814815
2 0.5512757199074074 0.17784832407407408 0.5509347430555556 0.22388006944444444 0.5635743680555555 0.23247501620370373 0.5716166967592593 0.21860082407407408 0.5751440347222222 0.17114638425925927 0.5674426805555556 0.13898883101851853 0.5610699583333334 0.1418342152777778 0.5512757199074074 0.17784832407407408
2 0.4586243379629629 0.4668077615740741 0.4300881828703704 0.46056437499999997 0.42526748842592593 0.46825396759259263 0.42972369212962963 0.5097707245370371 0.4407760138888889 0.518283363425926 0.45825984722222224 0.5160141111111111 0.4711228680555556 0.4944503240740741 0.4680776018518518 0.47682539583333333 0.4586243379629629 0.4668077615740741
2 0.5215990578703704 0.3255731921296296 0.5328747777777778 0.30392710185185184 0.5267960023148148 0.2670899467592593 0.5157084074074074 0.263339212962963 0.4933098171296296 0.28599647222222224 0.49786008333333337 0.3148148148148148 0.5215990578703704 0.3255731921296296
2 0.27970605555555555 0.18282186805555553 0.280623162037037 0.27338036574074076 0.29473250925925926 0.29793062962962963 0.3092416226851852 0.2685126388888889 0.31312169444444443 0.17343915277777777 0.3099941203703704 0.16692533796296297 0.28296296296296297 0.17187536574074075 0.27970605555555555 0.18282186805555553
2 0 0.24880110185185186 0.04732510416666667 0.25651969444444445 0.16643150925925923 0.25475602546296294 0.17441505092592594 0.2488183425925926 0.1906290416666667 0.20360964120370373 0.18121105324074074 0.18883009953703703 0.18288065740740742 0.17780129166666667 0.15760141203703704 0.1606114050925926 0.06418577314814815 0.1240094074074074 0 0.12850472685185185 0 0.24880110185185186
2 0.5828924166666667 0.8400587893518519 0.6146149328703703 0.8448794814814815 0.6241975300925925 0.8374368032407408 0.6229394467592593 0.7929100532407408 0.607207525462963 0.773039386574074 0.5627983541666667 0.7659729583333333 0.5309347453703703 0.7801998819444445 0.5386360972222223 0.8123574375000001 0.5497236921296297 0.8161081712962963 0.5591534398148148 0.829300412037037 0.5828924166666667 0.8400587893518519
0 0.4944620810185185 0.5591769537037037 0.4848794837962963 0.5666196342592593 0.47467371990740737 0.658189300925926 0.4551910648148148 0.7159318055555555 0.45660199768518517 0.7398236342592592 0.46130511574074073 0.7480070532407408 0.4755673148148148 0.7519223981481481 0.4833744861111111 0.7697942384259259 0.49452087037037035 0.7656084652777778 0.5167195763888889 0.7699353333333333 0.5230099930555555 0.7782010578703704 0.5436449143518518 0.7792710162037038 0.5632569074074074 0.7040681944444445 0.557660199074074 0.6021516759259259 0.5214579675925927 0.5589888310185185 0.4944620810185185 0.5591769537037037
2 0.9260905347222221 0.5974368032407407 0.950170488425926 0.5621634328703704 0.9586713703703703 0.4863844814814815 0.9319459143518519 0.4500646666666666 0.9145326273148149 0.4428101111111111 0.9065138171296296 0.45350969907407407 0.8998236342592593 0.49921222685185185 0.8993062916666666 0.5690534976851852 0.9055261620370371 0.5868430324074074 0.9214226944444444 0.5844914768518519 0.9260905347222221 0.5974368032407407
2 0.1346502037037037 0.9009758958333334 0.13963550694444443 0.8710640787037037 0.1386125810185185 0.794791300925926 0.12303350925925925 0.7542857152777778 0.10878306944444445 0.7487830694444445 0.08807760185185184 0.7572369189814815 0.07821281481481482 0.8027748379629629 0.08241034722222222 0.8792122268518519 0.09809523842592592 0.905432099537037 0.1155202824074074 0.9110993541666667 0.1346502037037037 0.9009758958333334