2 1 0.45380588194444443 0.7795138888888888 0.4618827152777778 0.7795138888888888 0.5278549375 0.8125 0.5350694444444445 1 0.5267361111111112 1 0.45380588194444443
2 0.578125 0.24166666666666667 0.5729166666666666 0.2505787037037037 0.5815972222222222 0.26929012268518515 0.6371527777777778 0.27723765509259257 0.7013888888888888 0.2657021597222222 0.7239583333333334 0.24386574074074072 0.7222222222222222 0.22658178935185183 0.703125 0.22395833333333334 0.578125 0.24166666666666667
2 0.453125 0.8670138888888889 0.5017361111111112 0.8579089513888889 0.5243055555555556 0.8447530856481481 0.5364583333333334 0.7973379629629629 0.5208333333333334 0.7737268518518519 0.4756944444444444 0.7635802476851852 0.4409722222222222 0.7824845671296297 0.453125 0.8670138888888889
2 0.6180555555555556 0.7468364189814815 0.6128472222222222 0.7904706782407408 0.6284722222222222 0.7984567893518518 0.6857638888888888 0.7993827152777777 0.7083333333333334 0.7914351851851852 0.7152777777777778 0.7789737662037036 0.7118055555555556 0.7548225300925926 0.6909722222222222 0.7435956782407408 0.6180555555555556 0.7468364189814815
2 0.9583333333333334 0.8167824074074075 0.9392361111111112 0.7967978402777777 0.8680555555555556 0.7912808634259259 0.8229166666666666 0.793287037037037 0.7847222222222222 0.8088734560185186 0.7881944444444444 0.8347608032407408 0.8333333333333334 0.8587962962962963 0.8784722222222222 0.8654706782407408 0.9305555555555556 0.8562114189814815 0.953125 0.8395833333333333 0.9583333333333334 0.8167824074074075
2 0.5399305555555556 0.6201003078703704 0.5416666666666666 0.5991898148148148 0.5520833333333334 0.5813657407407408 0.5572916666666666 0.5377314814814815 0.5399305555555556 0.505516974537037 0.5416666666666666 0.46898148148148144 0.53125 0.4590277777777778 0.4965277777777778 0.4588348773148148 0.4635416666666667 0.46898148148148144 0.46875 0.5590277777777778 0.4982638888888889 0.6132716041666667 0.5104166666666666 0.6231481481481481 0.5399305555555556 0.6201003078703704
2 0.3038194444444444 0.675733025462963 0.3420138888888889 0.6948688263888889 0.4097222222222222 0.7005401226851852 0.4496527777777778 0.7022376550925926 0.4947916666666667 0.6689814814814815 0.4756944444444444 0.6524691365740741 0.3420138888888889 0.6532021597222223 0.2986111111111111 0.6638117291666666 0.3038194444444444 0.675733025462963
2 0.2899305555555556 0.8135030856481481 0.25 0.7857638888888888 0.2013888888888889 0.7757716041666667 0.19444444444444445 0.7760802476851851 0.18055555555555555 0.7957947523148149 0.1909722222222222 0.9515817893518518 0.19711538657407407 0.9912393171296296 0.3055555555555556 0.9864197523148148 0.3107638888888889 0.9809799375 0.2899305555555556 0.8135030856481481
2 0.328125 0.38125 0.3663194444444444 0.38476080324074075 0.4114583333333333 0.37407407407407406 0.4375 0.3538194444444444 0.4375 0.3329861111111111 0.4114583333333333 0.32372685185185185 0.3628472222222222 0.3363040115740741 0.328125 0.38125
2 0.2743055555555556 0.43746141898148144 0.3229166666666667 0.42835648148148153 0.3333333333333333 0.4122685185185185 0.3246527777777778 0.4005015439814815 0.3038194444444444 0.3910108032407407 0.25 0.39340277777777777 0.234375 0.4201388888888889 0.2743055555555556 0.43746141898148144
2 0.7170138888888888 0.03236882638888889 0.6388888888888888 0.03757715972222222 0.6336805555555556 0.044753085648148144 0.6197916666666666 0.036689814814814814 0.5972222222222222 0.03942901157407407 0.5885416666666666 0.05717592592592592 0.6128472222222222 0.0647762337962963 0.7291666666666666 0.061342592592592594 0.75 0.051736111111111115 0.75 0.04305555555555556 0.7170138888888888 0.03236882638888889
2 0.24131944444444445 0.07260802546296297 0.2326388888888889 0.07125771527777777 0.22395833333333334 0.05775462962962963 0.1597222222222222 0.07449845601851851 0.14583333333333334 0.12025462962962964 0.15104166666666666 0.13391203703703705 0.16319444444444445 0.1403163587962963 0.17708333333333334 0.1414351851851852 0.22916666666666666 0.12175925925925926 0.23958333333333334 0.09872685185185184 0.24131944444444445 0.07260802546296297
2 0.8888888888888888 0.2903549375 0.8767361111111112 0.31346450694444444 0.8819444444444444 0.3358024699074074 0.9149305555555556 0.3343364189814815 0.9583333333333334 0.32199074074074074 0.9756944444444444 0.3073302476851852 0.9756944444444444 0.29864969212962966 0.9548611111111112 0.28395061805555555 0.8888888888888888 0.2903549375
2 0.6979166666666666 0.4116898148148148 0.6371527777777778 0.3970293217592593 0.6041666666666666 0.40370370370370373 0.5954861111111112 0.4162422847222222 0.6232638888888888 0.4306327152777778 0.6944444444444444 0.43094135879629625 0.6979166666666666 0.4116898148148148
0 0.6223958333333334 0.3976851851851852 0.6440972222222222 0.40019290046296296 0.6788194444444444 0.43163580324074075 0.6909722222222222 0.43456790046296295 0.6961805555555556 0.44822530787037035 0.7413194444444444 0.4635802476851852 0.7760416666666666 0.4603009259259259 0.796875 0.4368055555555555 0.8020833333333334 0.43831018518518516 0.8107638888888888 0.37368827083333334 0.8038194444444444 0.35663580324074073 0.7534722222222222 0.3519290115740741 0.7274305555555556 0.34266975231481483 0.6145833333333334 0.35462962962962963 0.5763888888888888 0.39278549305555555 0.5798611111111112 0.4099922847222222 0.5989583333333334 0.41782407407407407 0.6059027777777778 0.4175154328703704 0.6076388888888888 0.40354938194444445 0.6223958333333334 0.3976851851851852
2 0.7899305555555556 0.2982253078703704 0.8055555555555556 0.31315586342592594 0.8454861111111112 0.3113811736111111 0.8576388888888888 0.30042438194444443 0.8802083333333334 0.30462962962962964 0.8888888888888888 0.2764660486111111 0.90625 0.2756944444444444 0.90625 0.26875 0.9166666666666666 0.26481481481481484 0.921875 0.23680555555555555 0.9322916666666666 0.22592592592592592 0.9184027777777778 0.20397376620370372 0.8420138888888888 0.18479938194444442 0.7864583333333334 0.18726851851851853 0.7743055555555556 0.2051697523148148 0.7899305555555556 0.2982253078703704
2 0.921875 0.11875 0.9149305555555556 0.13468364120370369 0.921875 0.16041666666666665 0.9444444444444444 0.19760802546296297 0.953125 0.19895833333333335 0.9704861111111112 0.1999228402777778 0.9826388888888888 0.1924382708333333 0.9826388888888888 0.1750771597222222 0.9583333333333334 0.1258101851851852 0.921875 0.11875