2 0.15366512268518517 0.5188400208333334 0.15941358101851855 0.4737139907407407 0.1513117291666667 0.4475951643518518 0.13819444444444445 0.43881172916666666 0.11581790046296296 0.45601851851851855 0.1076774699074074 0.4889660486111111 0.10667438194444445 0.5393389907407408 0.1196373449074074 0.5498585393518519 0.1335262337962963 0.5499614189814815 0.15366512268518517 0.5188400208333334
2 0.3726323449074074 1 0.384182099537037 0.9548611111111112 0.39274691435185183 0.819418724537037 0.3824459884259259 0.7984953703703703 0.3677854930555555 0.8070730462962963 0.35339506249999997 0.9494212962962962 0.35601851851851857 0.9980838472222222 0.35925412731481476 1 0.3726323449074074 1
2 0.5937483356481481 1 0.6013503078703705 0.9547325092592592 0.5976466041666667 0.918222736111111 0.5827932106481482 0.9094264398148149 0.5719135810185185 0.9145576134259259 0.5658452592592593 1 0.5937483356481481 1
2 0.6734953703703703 0.7294238680555556 0.6673996921296296 0.6807355972222223 0.6716435185185184 0.5939043217592592 0.6459104930555556 0.5902391967592592 0.6341049375 0.605787037037037 0.6358796296296296 0.6249099791666667 0.6252314814814816 0.6665252060185186 0.6277006180555555 0.7169238680555556 0.6542438263888889 0.7310185185185185 0.6734953703703703 0.7294238680555556
2 0.8097608032407407 0.6817901226851852 0.8066358032407407 0.6974022638888889 0.8184413587962963 0.7600308634259259 0.8512731481481481 0.7620113171296297 0.8739197523148149 0.7222222222222222 0.8665895069444445 0.6874228402777777 0.8318287037037038 0.6680555555555556 0.8097608032407407 0.6817901226851852
2 0.2669753078703704 0.4362911527777778 0.27635030787037035 0.31127829166666665 0.24610339583333332 0.41702675 0.23908178935185184 0.45693158333333334 0.2554012337962963 0.4883230462962963 0.25933641898148146 0.4831404328703704 0.2528549375 0.4778806574074074 0.26261574074074073 0.46579218055555555 0.2669753078703704 0.4362911527777778
2 0 0.43399421064814814 0.0010416666666666667 0.4377957824074074 0.06859567824074074 0.44003343518518523 0.07075617361111111 0.41572787962962965 0.1096836412037037 0.3882201643518518 0.125 0.3918081273148148 0.12719907407407408 0.3866126550925926 0.1298225300925926 0.35709876620370373 0.11435185185185184 0.35524691435185185 0.11242284027777778 0.33786008333333334 0.09158950694444445 0.3377057615740741 0.06547067824074074 0.29929269444444445 0.06840277777777778 0.26630658333333335 0.08618827083333334 0.24211676851851852 0.08757715972222223 0.22649176851851852 0.10540123379629629 0.22141203703703705 0.10837191435185185 0.20753600925925927 0.12415123379629629 0.2059156388888889 0.12785493750000002 0.16424897222222223 0.11238425925925925 0.16239712037037038 0.11188271527777778 0.1484953703703704 0.0976851851851852 0.15186471296296297 0.0954475300925926 0.13795010185185186 0.06381172916666666 0.10297067824074074 0.03823302546296297 0.09756944444444444 0.04104938194444444 0.08542952777777778 0.016589506944444447 0.08698559722222222 0.01739969212962963 0.0974151226851852 0 0.11397262268518518 0 0.25557682407407406 0.0028935185185185184 0.2606095671296296 0 0.2817987962962963 0 0.43399421064814814
2 0.2511574074074074 0.340625 0.19386574074074073 0.34020061805555557 0.19332561805555556 0.38536522685185187 0.22615740740740742 0.3873456782407408 0.25547839583333337 0.3701903287037037 0.2511574074074074 0.340625
2 0.11516203703703703 0.6783822013888888 0.10771604861111111 0.7426054537037038 0.1195987662037037 0.7652777777777778 0.13375771527777777 0.7427983541666667 0.13985339583333334 0.7133101851851852 0.14332561805555555 0.6351594652777778 0.13260030787037036 0.6385545277777778 0.11516203703703703 0.6783822013888888
2 0.5587962962962963 0.35853909490740743 0.5544753078703704 0.40715020601851853 0.5700231481481481 0.4472222222222222 0.5853395069444445 0.4508101851851852 0.5958719143518519 0.4300411527777778 0.5929012337962963 0.36574074074074076 0.5731095671296297 0.33432356018518516 0.5587962962962963 0.35853909490740743
2 0.4046682106481481 0.4703189305555555 0.4070216041666667 0.541563787037037 0.4460262337962963 0.5522762337962963 0.4630401226851852 0.536766974537037 0.4686342592592592 0.4933770578703704 0.46103395138888886 0.48115997916666664 0.4207561736111111 0.465226337962963 0.4046682106481481 0.4703189305555555
2 0.5258101851851852 0.35829475231481483 0.5513117291666666 0.3254758240740741 0.5565972222222222 0.2855581273148148 0.5445601851851852 0.26462191435185184 0.521875 0.28530092592592593 0.5164737662037037 0.3460648148148148 0.5258101851851852 0.35829475231481483
2 0.9457561736111111 0.42220936111111107 0.9340663587962963 0.5732638888888889 0.9405864189814814 0.5976337453703704 0.9473884143518518 0.59928775 0.9647446689814815 0.40402988194444445 0.9614969143518519 0.4014789097222222 0.9457561736111111 0.42220936111111107
2 0.8223765439814814 0.2076131689814815 0.8418595671296296 0.24250257175925927 0.8636574074074075 0.2513503078703704 0.8863811736111111 0.24978137962962965 0.9067129629629629 0.23603395138888889 0.8977237662037036 0.16126543287037037 0.8681712962962963 0.14193672916666666 0.865625 0.1314943425925926 0.8520447523148148 0.12791923842592592 0.8419753078703704 0.14347993750000002 0.818942900462963 0.1485210902777778 0.8223765439814814 0.2076131689814815
2 0.06350308564814815 0.9663837453703704 0.06543209953703705 0.8274176944444444 0.049922840277777776 0.8064557615740741 0.0320987662037037 0.8115354930555555 0.017939814814814815 0.8340149166666667 0.009529321759259258 0.8895447523148149 0.010918210648148149 0.9520961944444445 0.02550154398148148 0.9834747939814815 0.042708333333333334 0.9853395069444445 0.06350308564814815 0.9663837453703704
2 0.5933256180555555 0.8886574074074074 0.5837962962962963 0.7808770578703703 0.5558256180555555 0.763297324074074 0.5205246921296296 0.789094650462963 0.5063657407407407 0.8115740740740741 0.5070987662037036 0.8619598773148148 0.5218364189814815 0.8916023657407407 0.5667052476851852 0.9145190324074074 0.587692900462963 0.9129372430555556 0.5933256180555555 0.8886574074074074
2 0.048032407407407406 0.5736496921296296 0.06176697453703704 0.5754886828703704 0.08020833333333333 0.5634645069444444 0.0908950625 0.5409593611111111 0.08900462962962964 0.4645061736111111 0.08186728472222222 0.4470807615740741 0.05798611111111111 0.42258230555555554 0.022646604166666667 0.4292695462962963 0.020447530092592592 0.4344650208333333 0.020100307870370367 0.49700360185185183 0.027584877314814817 0.5300668726851852 0.048032407407407406 0.5736496921296296
2 0.8638503078703704 0.7377829212962963 0.8739197523148149 0.7222222222222222 0.8769675925925926 0.5902134768518518 0.8670138888888889 0.5849279837962963 0.8547453703703703 0.6056841574074073 0.8501157407407407 0.7359439305555555 0.8638503078703704 0.7377829212962963
2 0.1790123449074074 0.2532278796296296 0.18383487731481482 0.21851851851851853 0.1766975300925926 0.20109310648148146 0.0985725300925926 0.20051440277777777 0.06230709953703704 0.2176183125 0.05543981481481481 0.25578703703703703 0.06195987731481482 0.2801568935185185 0.13823302546296296 0.30156893055555556 0.15636574074074072 0.293016974537037 0.1790123449074074 0.2532278796296296
0 0.5102623449074074 0.6309284976851851 0.5088734560185185 0.6465534976851851 0.4698688263888889 0.7140174907407407 0.4707561736111111 0.7626671805555555 0.5006944444444444 0.8167438263888889 0.5283179004629629 0.8186856990740741 0.5433641967592592 0.7666795277777778 0.5597222222222222 0.7390046296296297 0.5552469143518519 0.711175412037037 0.5626543217592592 0.6278420787037037 0.5219907407407407 0.5771604930555556 0.5025848773148148 0.5804912546296296 0.48935185185185187 0.5925540115740741 0.5102623449074074 0.6309284976851851
2 0.4931712962962963 0.6863940324074074 0.515625 0.6292309675925927 0.5065972222222223 0.6135288055555556 0.4947530856481481 0.6099665648148148 0.45628858101851855 0.6322659467592593 0.4498456782407408 0.6461162546296296 0.45918209953703704 0.6583461944444444 0.4633487662037037 0.6896476342592592 0.47442129629629626 0.7018904328703703 0.4931712962962963 0.6863940324074074