2 1 0.3019940694444444 0.9358141157407408 0.29150943287037034 0.8996855347222222 0.29461914814814816 0.8935709282407408 0.3179245277777778 0.8825995787037038 0.3221523402777778 0.8328558101851852 0.3969601689814815 0.8207314236111111 0.4577218726851852 0.8287794097222223 0.4832285115740741 0.8209760069444444 0.49074074074074076 0.8448520833333333 0.5310971342592593 0.8950850208333334 0.5223270439814814 0.9249708842592592 0.5252271134259259 0.9327859305555556 0.5192872106481482 1 0.34821799537037035 1 0.3019940694444444
2 0.8109713472222223 0.6254716967592593 0.8113906365740741 0.6820754699074074 0.8194852083333333 0.7138714189814814 0.8353365925925926 0.7318658287037038 0.8493244814814815 0.7104821805555555 0.8506289305555556 0.6743885393518518 0.8297926875 0.6200209652777778 0.8171441875 0.610027951388889 0.8109713472222223 0.6254716967592593
2 0.5609247615740741 0.8202655486111111 0.5715001180555556 0.974772886574074 0.5856394120370371 0.9738294907407408 0.599673888888889 0.958735150462963 0.6054041458333332 0.8835429768518518 0.6013277430555556 0.7576170509259259 0.5918471944444444 0.7509084537037037 0.5683904027777777 0.7671558356481482 0.5670975995370371 0.8048218009259259 0.5609247615740741 0.8202655486111111
2 0.3843931990740741 0.9664570231481482 0.39699510879629635 0.970160726851852 0.40640577777777775 0.9674353611111111 0.4171791296296296 0.9364779861111111 0.4089797337962963 0.8905310972222222 0.41026089120370374 0.8512928032407407 0.4070463541666666 0.8417190763888889 0.3850803634259259 0.8470300486111112 0.372769625 0.8826345208333334 0.37485441435185185 0.9518867916666667 0.3843931990740741 0.9664570231481482
2 0.3476589814814815 0.6756114606481481 0.3837060324074074 0.6614954583333333 0.3945492662037037 0.6399720462962962 0.3880270208333333 0.6082459814814816 0.3785115300925926 0.5968204050925926 0.3798276273148148 0.5622990902777778 0.3702655486111111 0.5445842060185185 0.3436058703703704 0.5528301898148148 0.3396342870370371 0.6532494768518519 0.3491614259259259 0.6662473796296297 0.3476589814814815 0.6756114606481481
2 0.17328208564814815 0.6882949004629629 0.1827393425925926 0.6918588402777778 0.1953063125 0.6908455625000001 0.20153738657407405 0.6832634513888889 0.20751223148148149 0.6410901481481481 0.2040531087962963 0.5984975532407408 0.18963428703703702 0.5617051018518519 0.1832983912037037 0.5551362662037037 0.1754484050925926 0.5563591898148148 0.16686466203703704 0.670719775462963 0.17328208564814815 0.6882949004629629
2 0.7143722337962963 0.3162473796296296 0.7066154212962963 0.33004891666666664 0.7072094120370371 0.4102375949074074 0.7311320763888889 0.45688329629629626 0.7452014907407408 0.44650593981481485 0.7418122523148148 0.4133473078703704 0.7143722337962963 0.3162473796296296
2 0.4332285115740741 0.34461914814814815 0.4254716967592593 0.3584206851851852 0.42272303935185185 0.41174004166666667 0.43228511574074074 0.42945492592592593 0.45092010416666667 0.3988469606481481 0.45522944444444446 0.3440251574074074 0.4504309351851852 0.33280922453703704 0.4332285115740741 0.34461914814814815
2 0.1746331226851852 0.23410202777777778 0.19509666898148148 0.23815513657407408 0.20288842361111112 0.22907058101851852 0.22174470138888888 0.22833682638888889 0.24185884027777776 0.185220125 0.2462380625 0.13983228472222223 0.22419054166666666 0.13413696527777777 0.21781970601851852 0.12285115277777778 0.20838574305555554 0.12243186574074073 0.1927090625 0.12802236342592593 0.17087118750000002 0.15062893055555554 0.15880503009259261 0.21925227083333335 0.1746331226851852 0.23410202777777778
2 0.43476589814814814 0.1277777777777778 0.4271372013888889 0.15887491203703702 0.43063125925925927 0.2061844861111111 0.4385977175925926 0.22068483564814814 0.451118099537037 0.21338225000000002 0.4507803402777778 0.1677847662037037 0.4410785 0.13120195601851853 0.43476589814814814 0.1277777777777778
2 0.5331935694444444 0.4716631736111111 0.5301770324074074 0.48881900925925925 0.5429187037037037 0.5113906365740741 0.5602375949074074 0.5153039814814815 0.571185650462963 0.5079315162037037 0.5755998125 0.4672606574074074 0.5708245972222222 0.4591893773148148 0.5425576527777778 0.4626484976851852 0.5331935694444444 0.4716631736111111
2 0.48601211342592593 0.2558001388888889 0.47502911574074075 0.25845562499999997 0.4690076875 0.2943396226851852 0.4801770324074074 0.3168413680555556 0.5036920555555555 0.3084556273148148 0.5081993935185185 0.28036338194444443 0.48601211342592593 0.2558001388888889
2 0.6897856967592593 0.17997903703703705 0.6866876296296296 0.1861285810185185 0.6905310972222223 0.2806079675925926 0.7049033310185185 0.3111111111111111 0.7188795717592592 0.28815513657407404 0.7197880254629629 0.198602375 0.7165618449074074 0.1874563240740741 0.6897856967592593 0.17997903703703705
2 1 0.1739453587962963 0.9977987407407407 0.1716631736111111 0.933275099537037 0.16093640972222223 0.8407407407407407 0.1882599583333333 0.8156999768518518 0.20286512962962963 0.8173538310185186 0.21394130092592592 0.8080246898148148 0.2276729560185185 0.8240857199074073 0.2739692523148148 0.8319939421296296 0.2806079675925926 0.9499767060185185 0.29371069212962964 1 0.2903730578703704 1 0.1739453587962963
2 0.3880386689814814 0.8220125787037037 0.41946191435185187 0.8202655486111111 0.44297693981481484 0.8118798055555556 0.452317724537037 0.799720474537037 0.46330072222222224 0.7970649907407407 0.4709294212962963 0.7659678541666667 0.4393664097222222 0.7488469583333334 0.39537619444444444 0.7516072662037038 0.37979268518518516 0.7697763819444445 0.37854646990740737 0.8137316550925926 0.3880386689814814 0.8220125787037037
0 0.5257745185185185 0.7432564652777778 0.5399021666666667 0.7407407407407407 0.544560912037037 0.7330887500000001 0.545958537037037 0.709573724537037 0.5266596782407407 0.6505590509259259 0.5165501967592593 0.5589447939814814 0.5070580023148148 0.5506638703703705 0.4803167962962963 0.5479035648148148 0.44445609027777777 0.5871767986111112 0.43891218287037037 0.6875262037037038 0.45833915740740744 0.7638364791666666 0.47877940740740743 0.7647449328703705 0.4850104814814815 0.7571628217592592 0.5069997662037037 0.7549965069444445 0.5180409953703704 0.7602026550925927 0.5257745185185185 0.7432564652777778
2 0.05564872916666667 0.5101677129629629 0.07950151620370371 0.5473794560185186 0.08412531944444444 0.5350104837962962 0.09987188425925926 0.5388539467592592 0.10603307638888888 0.521837875 0.10552061342592592 0.4526554861111111 0.09889354629629629 0.406778474537037 0.09095038425925926 0.39542278009259263 0.073701375 0.40094339814814817 0.047228046296296296 0.4343466111111111 0.05564872916666667 0.5101677129629629
2 0.8585371527777779 0.8932215231481481 0.8634754236111112 0.9233053796296297 0.8824248796296296 0.9351502430555556 0.8996855347222222 0.9312019560185185 0.9152224560185185 0.906743537037037 0.9193803865740741 0.8314814814814815 0.9096086666666666 0.7854647106481482 0.8890985324074074 0.7751222916666666 0.8749825300925926 0.7792103425925926 0.8595504305555556 0.8178197060185185 0.8585371527777779 0.8932215231481481