2 0.30719822916666667 0.650424511574074 0.2879783449074074 0.6682908819444444 0.2782945740740741 0.6946843842592593 0.281100037037037 0.7047249907407407 0.2908945486111111 0.7082687337962962 0.4021902291666667 0.7107419722222222 0.42447397685185184 0.6979328171296296 0.4353020787037037 0.6815430046296297 0.4238464375 0.6779623472222222 0.4214716388888889 0.6596160949074075 0.4117632592592593 0.6544112222222223 0.3656822939814815 0.6450719837962963 0.30719822916666667 0.650424511574074
2 0.08509905092592593 0.37940199305555555 0.06255690972222222 0.39719453703703705 0.06117878703703704 0.4237726087962963 0.06993970833333334 0.44724990740740744 0.14417374074074074 0.4588778148148148 0.1975882847222222 0.4550756736111111 0.21566383564814814 0.4272056111111111 0.2166112962962963 0.40893318749999996 0.20103359027777779 0.38863049074074074 0.1649194050925926 0.3795127361111111 0.08509905092592593 0.37940199305555555
2 0.18514827314814816 0.534625324074074 0.17108404166666666 0.5492801759259259 0.14300479861111112 0.6417866365740741 0.14546573148148148 0.6584717615740742 0.1608711712962963 0.6820967152777777 0.1857881134259259 0.6826504236111112 0.21007751851851852 0.6632336643518519 0.23110618981481482 0.6104835717592593 0.23325950694444444 0.5689553333333334 0.22633197916666667 0.5421926898148148 0.20210409722222222 0.5283499444444444 0.18514827314814816 0.534625324074074
2 0.5640088587962963 0.2520118125 0.5112218541666667 0.2757844236111111 0.511935525462963 0.2940937615740741 0.531266150462963 0.3061646365740741 0.5948197361111112 0.2992617199074074 0.6640703819444445 0.3107788842592592 0.6745539560185185 0.3010335902777778 0.6751568842592592 0.28940568518518517 0.6665682291666667 0.2626061273148148 0.5640088587962963 0.2520118125
2 0.47819613657407406 0.07881137037037036 0.47589516435185186 0.15526024537037036 0.48036175694444444 0.1653377638888889 0.49611172685185184 0.18231819907407407 0.5285591226851851 0.19800664351851852 0.5852097939814814 0.19593946064814816 0.6058324097222223 0.18309339120370371 0.6203273032407408 0.1601328912037037 0.6544973541666667 0.14259874537037037 0.6549280162037037 0.1342930972222222 0.6815676134259259 0.1016242175925926 0.6966408263888889 0.03543743055555556 0.6654740625000001 0.0147883125 0.6577479837962963 0.014616622685185186 0.5192691041666667 0.056441490740740737 0.47819613657407406 0.07881137037037036
2 0.34220499537037036 0.13565891435185184 0.28337639814814813 0.14765596296296296 0.2574258657407407 0.16703580555555556 0.2734342314814815 0.17903285185185183 0.3225790578703704 0.1934293101851852 0.39243263194444444 0.19331856712962964 0.4048357314814815 0.1786267986111111 0.3876830324074074 0.1566260625 0.3749969236111111 0.14470284259259258 0.34220499537037036 0.13565891435185184
2 0.7112710717592592 0.5230343310185185 0.6713178287037037 0.5238095231481482 0.6607481226851852 0.5352159467592593 0.666789712962963 0.5469915092592592 0.693995324074074 0.5675526018518519 0.7323735694444444 0.5650793634259259 0.739707150462963 0.5519379837962963 0.7372462175925926 0.535252861111111 0.7112710717592592 0.5230343310185185
2 0.7559123912037037 0.816722037037037 0.7216562083333332 0.8359173125 0.6989417986111112 0.8570321157407407 0.6967638726851852 0.8669619768518518 0.7162667662037037 0.8757105925925927 0.7675895162037037 0.8801771875 0.8161929375 0.8729420439814816 0.8558631736111111 0.8455518657407408 0.8550633703703704 0.8289036550925927 0.8158853194444445 0.8147286805555555 0.7559123912037037 0.816722037037037
2 0.30479881712962964 0.8249907708333333 0.24605635416666669 0.8353266898148148 0.24642549537037037 0.8602805462962962 0.26085886574074074 0.8705795486111112 0.2920757986111111 0.8779254328703703 0.4052048726851852 0.877113326388889 0.41709117824074077 0.8723883356481481 0.41288298379629634 0.8573274259259259 0.3627660902777778 0.8296050208333333 0.30479881712962964 0.8249907708333333
2 0.8546327060185185 0.6126984143518519 0.8566137569444444 0.5744924328703704 0.8186661736111112 0.5686600208333333 0.7983880902777778 0.5748615717592593 0.8000738287037037 0.6064968634259259 0.8546327060185185 0.6126984143518519
2 0.7220007384259259 0.3802510138888889 0.6918420092592592 0.3845699513888889 0.6839916342592592 0.4076781111111111 0.6929248194444445 0.4278331481481481 0.7091915833333333 0.4348468055555556 0.7576227407407408 0.4309339236111111 0.7768426226851852 0.4130675532407407 0.7773594189814815 0.40310077546296297 0.764845576388889 0.3878552962962963 0.7220007384259259 0.3802510138888889
2 0.5179401990740741 0.37072720601851855 0.4875230717592593 0.38002953009259255 0.4752922361111111 0.39139903935185183 0.46686354166666666 0.45773348148148146 0.47413559722222226 0.4778516064814815 0.5188999629629629 0.4805094143518519 0.532619662037037 0.47249907870370367 0.5408760925925926 0.4094868958333333 0.5374430902777777 0.3794758217592593 0.5179401990740741 0.37072720601851855
2 0.3522702106481482 0.48678479166666666 0.331992125 0.49298634027777777 0.33428079166666663 0.5129937245370371 0.34373077314814815 0.5231819861111111 0.3731143101851852 0.5338132152777777 0.39147286805555553 0.5325581412037037 0.40754275925925926 0.5112956805555556 0.39030392361111116 0.4909560717592592 0.3522702106481482 0.48678479166666666
2 0.6292112708333334 0.5661129560185185 0.610852712962963 0.5673680324074074 0.5949550879629629 0.5853082314814815 0.5960994212962963 0.5953119236111112 0.6040605393518519 0.6021410115740741 0.6224190972222222 0.6008859375 0.6308108773148148 0.5994093773148149 0.6433001111111111 0.5830564791666667 0.6292112708333334 0.5661129560185185
2 0.7476313518518518 0.17460317361111113 0.7181862916666667 0.1972314513888889 0.7121939212962963 0.2486526388888889 0.7117878657407408 0.28855666435185184 0.7212378495370371 0.2987449236111111 0.8258028796296296 0.30273163425925925 0.8410114421296296 0.29808047453703707 0.8654731134259259 0.2753414537037037 0.8688568981481481 0.24215577546296296 0.8528239189814815 0.19856035416666667 0.8496493171296295 0.1635658912037037 0.8565522337962963 0.1587301597222222 0.853660636574074 0.15035068287037034 0.8652639351851852 0.1190107037037037 0.8774086388888889 0.10930232638888888 0.8764365694444444 0.09597637499999999 0.8899593958333334 0.05968992129629629 0.8875845949074075 0.041343668981481486 0.8779623472222222 0.03447766666666666 0.8299618564814815 0.030084902777777776 0.8047003819444444 0.036175710648148146 0.7890611527777778 0.04913252083333334 0.7858496365740741 0.07899593981481481 0.7689799444444445 0.0836101875 0.7584102384259259 0.09501661111111111 0.7476313518518518 0.17460317361111113
2 0.03325950462962963 0.6094130671296296 0.014814814814814815 0.6123292731481482 0.007653500000000001 0.6221483935185185 0.013695090277777778 0.6339239583333333 0.021914606481481483 0.6357696574074074 0.0800541412037037 0.6370616458333332 0.10190722222222222 0.6325581388888888 0.10924080324074074 0.6194167592592592 0.03325950462962963 0.6094130671296296
2 0.518594138888889 1 0.5356466111111111 0.9914359537037037 0.5518887638888889 0.9668512361111111 0.5544973541666667 0.948615724537037 0.4612157013888889 0.9515319305555556 0.4567737175925926 0.9730527870370371 0.46098191203703703 0.9881136944444444 0.48436205092592594 1 0.518594138888889 1
2 0.1289282638888889 0.07936508101851852 0.08373323611111111 0.0850129212962963 0.06485788194444445 0.09623477083333334 0.07502153472222223 0.1247323726851852 0.09226036574074074 0.1450719837962963 0.20504491203703704 0.1509043935185185 0.24935400462962962 0.1302694722222222 0.2476682662037037 0.09863418287037036 0.19860957407407406 0.08257659722222223 0.1289282638888889 0.07936508101851852
0 0.334994462962963 0.5313030648148148 0.2618186273148148 0.5313399791666666 0.24652393287037036 0.5376522685185186 0.2454903425925926 0.5575858240740741 0.2651654976851852 0.5630121805555556 0.39307247453703703 0.5658545578703704 0.41850621527777776 0.5564414907407408 0.4290759212962963 0.5450350671296297 0.42775932175925924 0.5383536365740741 0.4197120717592593 0.5331856782407407 0.3829088217592592 0.5373569583333333 0.334994462962963 0.5313030648148148
0 0 0.5566579791666667 0.07596899074074075 0.5554817268518518 0.08768303240740741 0.5540789953703703 0.09650547453703703 0.544296787037037 0.09814199537037037 0.512735326388889 0.07881136805555557 0.5006644513888889 0.004146673611111111 0.4973421921296296 0 0.5003209814814815 0 0.5566579791666667