2 0.184375 0.7234375 0.1921875 0.7296875 0.2046875 0.5890624999999999 0.190625 0.56875 0.1796875 0.5875 0.1765625 0.690625 0.184375 0.7234375
2 0.190625 0.403125 0.18125 0.3796875 0.1703125 0.3703125 0.171875 0.3609375 0.14375000000000002 0.3328125 0.115625 0.33125 0.103125 0.3234375 0.0875 0.3265625 0.075 0.3515625 0.075 0.4625 0.0828125 0.4875 0.09375 0.4890625 0.1109375 0.509375 0.1734375 0.509375 0.1890625 0.484375 0.196875 0.4421875 0.190625 0.403125
2 0.646875 0.640625 0.6578125 0.6609375 0.6734375 0.6640625 0.6765625 0.65 0.665625 0.6078125 0.6609375 0.5296875 0.6421875 0.5343749999999999 0.646875 0.640625
2 0.8140625 0.5906250000000001 0.8171875 0.603125 0.80625 0.621875 0.8078125 0.6734375 0.821875 0.6875 0.8375 0.6890625 0.853125 0.653125 0.8484375 0.540625 0.8375 0.5296875 0.825 0.5421874999999999 0.8140625 0.5906250000000001
2 0.621875 0.83125 0.6015625 0.825 0.5984375 0.9 0.61875 0.9109375 0.65625 0.896875 0.665625 0.8828125 0.665625 0.840625 0.6421875 0.840625 0.63125 0.846875 0.621875 0.83125
2 0.3921875 0.7625 0.3921875 0.79375 0.4046875 0.85625 0.4390625 0.8671875 0.4484375 0.8375 0.4421875 0.7421875 0.4296875 0.73125 0.4078125 0.7265625 0.3921875 0.7625
2 0.27968750000000003 0.4390625 0.2921875 0.3765625 0.29062499999999997 0.2859375 0.28125 0.296875 0.26406250000000003 0.3828125 0.2609375 0.4140625 0.27968750000000003 0.4390625
2 0.434375 0.44375 0.434375 0.4890625 0.4453125 0.496875 0.4546875 0.4953125 0.4703125 0.475 0.4703125 0.45 0.4609375 0.440625 0.440625 0.4390625 0.434375 0.44375
2 0.5750000000000001 0.3265625 0.5499999999999999 0.303125 0.5421874999999999 0.309375 0.540625 0.3703125 0.5578124999999999 0.415625 0.5671875000000001 0.4171875 0.5734374999999999 0.4265625 0.5828125000000001 0.4234375 0.5921875 0.40625 0.5953125 0.365625 0.5750000000000001 0.3265625
2 0.134375 0.178125 0.125 0.1921875 0.1265625 0.2484375 0.146875 0.27499999999999997 0.165625 0.284375 0.19375 0.2359375 0.2 0.19375 0.196875 0.1765625 0.14531249999999998 0.1734375 0.134375 0.178125
2 0.2234375 0.790625 0.1859375 0.7609375 0.1734375 0.7390625 0.153125 0.7359375 0.13125 0.759375 0.121875 0.80625 0.13749999999999998 0.875 0.153125 0.9078125 0.1734375 0.9171875 0.2234375 0.9078125 0.2375 0.8578125 0.2359375 0.8234375 0.2234375 0.790625
2 0.7546875 0.109375 0.75 0.1171875 0.7484375 0.1734375 0.784375 0.2203125 0.80625 0.2234375 0.8359375 0.2140625 0.83125 0.15 0.8078125 0.1140625 0.78125 0.1046875 0.7546875 0.109375
2 0.50625 0.29062499999999997 0.5109374999999999 0.30625 0.515625 0.30625 0.5203125000000001 0.29062499999999997 0.5171875 0.2375 0.509375 0.2390625 0.50625 0.25 0.50625 0.29062499999999997
2 0.3 0 0.303125 0.2609375 0.309375 0.25156249999999997 0.3296875 0.0671875 0.3296875 0 0.3 0
2 0.8953125 0.3828125 0.8953125 0.5109374999999999 0.9015625 0.5187499999999999 0.9234375 0.5187499999999999 0.93125 0.5125000000000001 0.9390625 0.4328125 0.9234375 0.3890625 0.9046875 0.3765625 0.8953125 0.3828125
2 0.9109375 0.15 0.909375 0.2390625 0.9234375 0.26718749999999997 0.934375 0.221875 0.9390625 0.1421875 0.9390625 0.0984375 0.934375 0.0953125 0.91875 0.10625 0.9109375 0.15
0 0.5171875 0.7421875 0.5499999999999999 0.7390625 0.55625 0.696875 0.5671875000000001 0.6734375 0.5625 0.5765625 0.5593750000000001 0.5640625 0.5328125 0.5296875 0.525 0.525 0.4875 0.5281250000000001 0.459375 0.5578124999999999 0.4453125 0.5828125000000001 0.4375 0.6234375 0.4234375 0.640625 0.4171875 0.665625 0.4140625 0.709375 0.4234375 0.725 0.4484375 0.7296875 0.45 0.7359375 0.4875 0.7515625 0.496875 0.7484375 0.5015625 0.7375 0.5171875 0.7421875
2 0.7203125 0.6859375 0.7109375 0.69375 0.7078125 0.7296875 0.684375 0.80625 0.684375 0.853125 0.6984375 0.859375 0.721875 0.853125 0.7453125 0.8015625 0.7515625 0.7625 0.746875 0.709375 0.7328125 0.6875 0.7203125 0.6859375
2 0.715625 0.1484375 0.7046875 0.13749999999999998 0.696875 0.1390625 0.6859375 0.165625 0.68125 0.1921875 0.684375 0.2296875 0.6890625 0.246875 0.6984375 0.246875 0.709375 0.2734375 0.71875 0.2625 0.7203125 0.2328125 0.715625 0.1484375
2 0 0.29062499999999997 0.025 0.3765625 0.04375 0.4 0.0546875 0.403125 0.06406250000000001 0.3875 0.075 0.26718749999999997 0.0796875 0.121875 0.06406250000000001 0.0921875 0.0328125 0.0765625 0 0.0765625 0 0.29062499999999997
2 0.5390625 0.1984375 0.5515625000000001 0.2046875 0.5671875000000001 0.1890625 0.5671875000000001 0.15 0.5593750000000001 0.12812500000000002 0.5437500000000001 0.15 0.540625 0.16875 0.5390625 0.1984375