2 0.3644567893518519 0.8210617291666666 0.3436790115740741 0.8047777777777777 0.1928888888888889 0.8092222222222222 0.19906172916666667 0.8179506180555556 0.23356790046296294 0.8283580254629629 0.34376543287037037 0.8315432106481482 0.3644567893518519 0.8210617291666666
2 0.42670370370370375 0.8431481481481482 0.4227530856481482 0.9098148148148149 0.44333333333333336 0.929432099537037 0.44430864120370367 0.9411975300925925 0.47048148148148144 0.9511111111111111 0.5888148148148148 0.9581234560185186 0.6162716041666667 0.9463703703703703 0.6205925925925926 0.9299012337962963 0.6130493819444445 0.9160740740740742 0.6131604930555555 0.8859753078703704 0.5849382708333333 0.8541975300925926 0.5748395069444444 0.8552716041666666 0.565530863425926 0.8430123449074074 0.5411234560185185 0.831530863425926 0.4998518518518519 0.8223950625 0.45435802546296294 0.8280617291666666 0.42670370370370375 0.8431481481481482
2 0.3528148148148148 0.31192592592592594 0.3085061736111111 0.2975925925925926 0.2933086412037037 0.30003703703703705 0.29565432175925926 0.31690123379629626 0.3166296296296296 0.3298518518518519 0.4296666666666667 0.341567900462963 0.4358518518518519 0.32186419675925926 0.3528148148148148 0.31192592592592594
2 0.436037037037037 0.12117284027777776 0.31633333333333336 0.10906172916666666 0.2770123449074074 0.12345678935185186 0.2776913587962963 0.14022222222222222 0.2918024699074074 0.15611111111111112 0.34670370370370374 0.16103703703703703 0.3673950625 0.15055555555555558 0.3805308634259259 0.15467901157407407 0.43288888888888893 0.14607407407407408 0.4470123449074074 0.13353086342592593 0.436037037037037 0.12117284027777776
2 0.1044814814814815 0.2972098773148148 0.05948148148148148 0.29454321064814815 0.043888888888888894 0.3036543217592592 0.026518518518518518 0.34276543287037037 0.0369012337962963 0.3651234560185185 0.1170987662037037 0.3665308634259259 0.11171604861111112 0.3444691365740741 0.09564197453703703 0.3334814814814815 0.10300000000000001 0.3222098773148148 0.1044814814814815 0.2972098773148148
2 0.19535802546296296 0.5417654328703704 0.09408641898148148 0.529074074074074 0.061827159722222226 0.5371975300925926 0.07132098842592592 0.5745555555555556 0.1371975300925926 0.5918395069444444 0.1705308634259259 0.5938148148148149 0.20985185185185187 0.5794197523148148 0.20623456712962962 0.5557901226851852 0.19535802546296296 0.5417654328703704
2 0.6601851851851852 0.7415802476851852 0.6724444444444444 0.7322716041666667 0.5758765439814815 0.7248765439814814 0.5084197523148148 0.7342592592592593 0.5339012337962963 0.7558395069444445 0.567432099537037 0.7544814814814814 0.6601851851851852 0.7415802476851852
2 0.5088024699074074 0.5302345671296296 0.48213580324074073 0.5286543217592593 0.4594814814814815 0.544037037037037 0.45722222222222225 0.5539382708333334 0.4648641967592593 0.5660987662037037 0.5131975300925926 0.568962962962963 0.5185925925925926 0.5625925925925925 0.5182098773148148 0.5408271597222223 0.5088024699074074 0.5302345671296296
2 0.5442469143518518 0.4119135810185185 0.5403209884259259 0.4217160486111111 0.5499259259259259 0.42897530787037036 0.551 0.4390740740740741 0.5982469143518517 0.4602716041666667 0.6633456782407408 0.4624567893518518 0.6705061736111111 0.45451851851851854 0.6470864189814814 0.4263703703703704 0.6067037037037037 0.4022345671296296 0.5631728402777778 0.403 0.5442469143518518 0.4119135810185185
2 0.7650493819444444 0.8347654328703704 0.7196543217592593 0.8387654328703704 0.6662098773148147 0.8657037037037036 0.6750246921296296 0.8862962962962962 0.7020740740740741 0.909641974537037 0.7619753078703704 0.9148641967592593 0.777567900462963 0.905753085648148 0.7832592592592592 0.8943827152777778 0.7831851851851852 0.8391851851851853 0.7650493819444444 0.8347654328703704
2 0 0.8385576550925926 0.0004197523148148148 0.8396296296296297 0.03443209953703704 0.8583703703703703 0.10677777777777778 0.8793827152777778 0.15737037037037035 0.8723456782407408 0.18375308564814816 0.8504938263888889 0.1817037037037037 0.8286296296296297 0.15916049305555557 0.8139135810185185 0.12986419675925925 0.772037037037037 0.09565432175925927 0.7566296296296295 0.05908641898148148 0.7527901226851852 0.004864196759259259 0.7646296296296297 0 0.7841229212962963 0 0.8385576550925926
2 0.8516172847222222 0.1641975300925926 0.7835802476851852 0.15514814814814815 0.7717037037037037 0.1862222222222222 0.7736543217592592 0.20975308564814815 0.8213827152777777 0.2510493819444444 0.8814814814814815 0.25293827083333337 0.8901111111111112 0.24843209953703702 0.8967901226851852 0.2203950625 0.8884691365740741 0.19146913657407408 0.8516172847222222 0.1641975300925926
2 0.7384320995370369 0.4936666666666667 0.681962962962963 0.48697530787037036 0.6649999999999999 0.49098765509259257 0.6647037037037037 0.4959876550925926 0.681074074074074 0.5019753078703704 0.7244074074074075 0.5045432106481482 0.7362716041666666 0.5019012337962964 0.7384320995370369 0.4936666666666667
2 0.7102962962962963 0.7144444444444444 0.6999012337962962 0.7205185185185186 0.9597167152777778 0.7390396967592593 0.9615802476851852 0.7075925925925927 0.9082469143518518 0.704432099537037 0.7102962962962963 0.7144444444444444
2 0.46411111111111114 0.042555555555555555 0.4627283958333333 0.06588888888888889 0.4706666666666667 0.07304938194444445 0.6073333333333333 0.08114814814814814 0.6145925925925927 0.07154321064814814 0.6024444444444443 0.05075308564814814 0.5613333333333334 0.033264196759259256 0.5396666666666666 0.03198024768518518 0.4712716041666667 0.034617284722222225 0.46411111111111114 0.042555555555555555
2 0.7324444444444445 0.058456789351851855 0.7615555555555557 0.07523456712962963 0.8566543217592592 0.07919753009259259 0.9038148148148147 0.07362962962962963 0.9164691365740741 0.057654321759259254 0.9144444444444445 0.05418930092592592 0.8383333333333334 0.049679011574074075 0.7814691365740741 0.04965432175925926 0.7324444444444445 0.058456789351851855
0 0.1882222222222222 0.49283950694444445 0.20251851851851851 0.5338271597222223 0.20908641898148148 0.5358888888888889 0.2125061736111111 0.5628518518518518 0.2285802476851852 0.5738395069444444 0.27544444444444444 0.5732716041666667 0.30250617361111115 0.5681851851851851 0.32172839583333335 0.5542716041666667 0.3655555555555555 0.5485061736111111 0.39311111111111113 0.5350864189814815 0.4265555555555555 0.506962962962963 0.43225925925925923 0.46716049305555557 0.4277530856481481 0.4585308634259259 0.39276543287037036 0.4280246921296296 0.37962962962962965 0.42390123379629635 0.2765925925925926 0.41277777777777774 0.2509012337962963 0.422962962962963 0.20550617361111112 0.426962962962963 0.2000987662037037 0.46176543287037036 0.2041111111111111 0.4787283958333333 0.19214814814814815 0.48303703703703704 0.1882222222222222 0.49283950694444445
2 0.19324691435185187 0.21048148148148146 0.15118518518518517 0.21467901157407407 0.0947037037037037 0.2364197523148148 0.08655555555555557 0.2610246921296296 0.09233333333333332 0.2764197523148148 0.14233333333333334 0.27938271527777775 0.22548148148148148 0.2592222222222222 0.2640123449074074 0.25816049305555555 0.27293827083333333 0.24865432175925925 0.27206172916666665 0.23522222222222222 0.24961728472222222 0.21883950694444446 0.19324691435185187 0.21048148148148146
2 0.712246914351852 0.2863950625 0.7398888888888889 0.29974074074074075 0.7392962962962962 0.3097407407407407 0.7573333333333333 0.3158271597222222 0.7971358032407407 0.3215308634259259 0.8257654328703703 0.3182098773148148 0.8547901226851852 0.3082222222222222 0.8569506180555556 0.29998765509259256 0.8459753078703705 0.2876296296296296 0.7562716041666667 0.2772962962962963 0.7245061736111111 0.2770864189814815 0.712246914351852 0.2863950625
2 0.8707036597222222 1 0.8647901226851852 0.9861851851851852 0.8341111111111111 0.9676419745370372 0.6788148148148148 0.9634567893518518 0.5497901226851852 0.9675185185185186 0.5325308634259259 0.9765308634259259 0.5351728402777778 0.9883950625 0.5480383148148148 1 0.8707036597222222 1
2 0.8577654328703703 0.4555802476851852 0.8349259259259258 0.4458641967592593 0.7932592592592592 0.44339506250000005 0.7756049374999999 0.4590740740740741 0.7814814814814816 0.4728024699074074 0.8132469143518519 0.4730123449074074 0.8334444444444444 0.4708641967592592 0.8577654328703703 0.4555802476851852