2 0.4578125 0.715625 0.3984375 0.715625 0.390625 0.7453125 0.390625 0.915625 0.45625 0.915625 0.4578125 0.715625
2 0.6390625 0.5375 0.6296875 0.5875 0.6375 0.6453125 0.65625 0.665625 0.671875 0.6640625 0.675 0.646875 0.6640625 0.5343749999999999 0.65625 0.5296875 0.6390625 0.5375
2 0.1125 0.465625 0.1234375 0.4859375 0.165625 0.496875 0.1875 0.4828125 0.1984375 0.4421875 0.1828125 0.4109375 0.10625 0.421875 0.1125 0.465625
2 0.1609375 0.5796875 0.1578125 0.63125 0.1640625 0.6515625 0.175 0.6578125 0.196875 0.6546875 0.2078125 0.6359375 0.2078125 0.5703125 0.16875 0.5656249999999999 0.1609375 0.5796875
2 0.14531249999999998 0.7203125 0.121875 0.7234375 0.0984375 0.7640625 0.090625 0.8046875 0.096875 0.8515625 0.1109375 0.871875 0.13125 0.8765625 0.15 0.859375 0.1578125 0.7953125 0.1578125 0.7546875 0.14531249999999998 0.7203125
2 0.4703125 0.4921875 0.471875 0.4609375 0.4640625 0.43125 0.3828125 0.4359375 0.3328125 0.4625 0.3234375 0.4734375 0.325 0.5 0.34375 0.5015625 0.359375 0.5109374999999999 0.3984375 0.515625 0.428125 0.5 0.4609375 0.5015625 0.4703125 0.4921875
2 0.2578125 0.3828125 0.2546875 0.41875 0.28281249999999997 0.459375 0.2984375 0.4421875 0.303125 0.321875 0.29531250000000003 0.28281249999999997 0.284375 0.28750000000000003 0.265625 0.321875 0.2578125 0.3828125
2 0 0.284375 0.009375 0.29375 0.1609375 0.27499999999999997 0.1875 0.2390625 0.1984375 0.1953125 0.1984375 0.1890625 0.18125 0.1765625 0.040625 0.1859375 0 0.1921875 0 0.284375
2 0.5437500000000001 0.34375 0.5515625000000001 0.384375 0.56875 0.4078125 0.5875 0.4078125 0.596875 0.384375 0.5875 0.340625 0.5484375 0.309375 0.5437500000000001 0.34375
2 0.50625 0.3046875 0.5203125000000001 0.3140625 0.53125 0.30625 0.540625 0.28750000000000003 0.540625 0.2390625 0.5171875 0.225 0.5 0.2609375 0.50625 0.3046875
2 0.8453125 0.5515625000000001 0.8296875 0.5437500000000001 0.821875 0.5656249999999999 0.8203125 0.6703125 0.828125 0.6890625 0.8359375 0.6890625 0.846875 0.659375 0.8453125 0.5890624999999999 0.8390625 0.584375 0.846875 0.571875 0.8453125 0.5515625000000001
2 0.790625 0.14531249999999998 0.778125 0.15 0.771875 0.1609375 0.7703125 0.1734375 0.7859375 0.2203125 0.80625 0.2296875 0.8296875 0.23125 0.83125 0.2234375 0.84375 0.215625 0.83125 0.1578125 0.790625 0.14531249999999998
2 0.5671875000000001 0.8078125 0.5671875000000001 0.8375 0.5765625 0.8765625 0.5890624999999999 0.8921875 0.596875 0.8921875 0.6109375 0.8734375 0.6078125 0.8140625 0.5875 0.803125 0.5671875000000001 0.8078125
2 0.50625 0.6421875 0.521875 0.5875 0.5171875 0.5578124999999999 0.50625 0.5499999999999999 0.4921875 0.5750000000000001 0.4890625 0.6390625 0.50625 0.6421875
0 0.5609375 0.5671875000000001 0.5281250000000001 0.5328125 0.5125000000000001 0.5359375000000001 0.5046875000000001 0.553125 0.5046875000000001 0.5593750000000001 0.5171875 0.5609375 0.521875 0.57421875 0.5187499999999999 0.59375 0.4890625 0.625 0.4859375 0.6359375 0.4734375 0.640625 0.4578125 0.68125 0.459375 0.7125 0.4796875 0.73125 0.478125 0.7359375 0.5359375000000001 0.74375 0.5515625000000001 0.7375 0.5578124999999999 0.6921875 0.5671875000000001 0.66875 0.5609375 0.5671875000000001
2 0.6546875 0.84375 0.6640625 0.853125 0.684375 0.840625 0.7046875 0.771875 0.7046875 0.721875 0.6890625 0.7109375 0.6046875 0.725 0.5906250000000001 0.7390625 0.5906250000000001 0.775 0.6 0.7859375 0.5953125 0.80625 0.6203125 0.8140625 0.6203125 0.8296875 0.6265625 0.8296875 0.6296875 0.8390625 0.6546875 0.84375
2 0.6890625 0.8640625 0.6875 0.871875 0.6859375 0.8875 0.6921875 0.8984375 0.7078125 0.8984375 0.753125 0.8765625 0.7609375 0.84375 0.746875 0.8375 0.7234375 0.84375 0.6890625 0.8640625
2 0.8890625 0.396875 0.9 0.4625 0.915625 0.4796875 0.9234375 0.478125 0.9390625 0.459375 0.934375 0.403125 0.9109375 0.3859375 0.8921875 0.3875 0.8890625 0.396875