2 0.16875 0.403125 0.15 0.41875 0.14531249999999998 0.4484375 0.1484375 0.49375 0.1609375 0.5031249999999999 0.1734375 0.5031249999999999 0.1890625 0.475 0.190625 0.434375 0.18125 0.4109375 0.16875 0.403125
2 0.403125 0.8609375 0.409375 0.9046875 0.4234375 0.9125 0.43125 0.865625 0.428125 0.74375 0.4171875 0.725 0.4046875 0.7328125 0.403125 0.8609375
2 0.5984375 0.915625 0.60625 0.9234375 0.621875 0.9234375 0.6265625 0.8640625 0.6203125 0.83125 0.60625 0.8234375 0.596875 0.828125 0.5984375 0.915625
2 0.6375 0.5359375000000001 0.628125 0.5499999999999999 0.63125 0.5671875000000001 0.625 0.6046875 0.63125 0.65 0.65625 0.6625 0.6734375 0.6609375 0.6640625 0.6171875 0.6609375 0.5390625 0.6375 0.5359375000000001
2 0.790625 0.63125 0.80625 0.6875 0.8359375 0.6890625 0.853125 0.653125 0.84375 0.621875 0.8109375 0.6046875 0.7921875 0.6171875 0.790625 0.63125
2 0.26406250000000003 0.3828125 0.2609375 0.41875 0.278125 0.446875 0.28125 0.4421875 0.27499999999999997 0.4375 0.28281249999999997 0.4265625 0.284375 0.4 0.28281249999999997 0.28750000000000003 0.26406250000000003 0.3828125
2 0 0.1953125 0.0140625 0.2015625 0.017187499999999998 0.2203125 0.0328125 0.24375 0.03125 0.2765625 0.015625 0.28125 0.0140625 0.3171875 0.0453125 0.403125 0.10625 0.4046875 0.10625 0.3828125 0.1390625 0.3578125 0.153125 0.3609375 0.1546875 0.35625 0.1546875 0.3296875 0.140625 0.328125 0.13749999999999998 0.3125 0.11875 0.3125 0.0921875 0.278125 0.0921875 0.2484375 0.10625 0.2265625 0.10625 0.2125 0.121875 0.2078125 0.1234375 0.1953125 0.13749999999999998 0.19375 0.13749999999999998 0.15625 0.1234375 0.1546875 0.121875 0.1421875 0.109375 0.14531249999999998 0.10625 0.1328125 0.075 0.1015625 0.0515625 0.096875 0.053125 0.0859375 0.03125 0.0875 0.0328125 0.096875 0 0.13125 0 0.1953125
2 0.26875 0.340625 0.2625 0.3140625 0.2109375 0.3140625 0.2140625 0.3546875 0.24375 0.35625 0.26875 0.340625
2 0.165625 0.6765625 0.178125 0.696875 0.1890625 0.6765625 0.1921875 0.65 0.1890625 0.5796875 0.1796875 0.5828125000000001 0.1671875 0.61875 0.165625 0.6765625
2 0.540625 0.371875 0.5578124999999999 0.4078125 0.571875 0.4109375 0.5796875 0.3921875 0.571875 0.334375 0.5515625000000001 0.30625 0.540625 0.328125 0.540625 0.371875
2 0.41875 0.49375 0.4546875 0.5031249999999999 0.46875 0.4890625 0.4703125 0.45 0.4625 0.4390625 0.425 0.425 0.4109375 0.4296875 0.41875 0.49375
2 0.5109374999999999 0.328125 0.53125 0.2984375 0.5328125 0.2625 0.5203125000000001 0.24375 0.5015625 0.2625 0.5015625 0.3171875 0.5109374999999999 0.328125
2 0.89375 0.3828125 0.8953125 0.5187499999999999 0.903125 0.540625 0.9234375 0.5453125 0.9359375 0.5171875 0.940625 0.43125 0.9234375 0.3765625 0.90625 0.3640625 0.89375 0.3828125
2 0.8296875 0.1484375 0.8015625 0.13125 0.7984375 0.121875 0.7859375 0.11875 0.778125 0.1328125 0.7578125 0.13749999999999998 0.765625 0.190625 0.7859375 0.221875 0.80625 0.2296875 0.8265625 0.228125 0.84375 0.215625 0.8296875 0.1484375
2 0.103125 0.7390625 0.0921875 0.759375 0.0890625 0.809375 0.0953125 0.865625 0.1109375 0.89375 0.1265625 0.8953125 0.14375000000000002 0.878125 0.134375 0.753125 0.11875 0.734375 0.103125 0.7390625
2 0.540625 0.715625 0.5296875 0.7359375 0.5343749999999999 0.78125 0.5499999999999999 0.8078125 0.5921875 0.828125 0.6109375 0.8265625 0.6140625 0.8046875 0.596875 0.7078125 0.5703125 0.6921875 0.540625 0.715625
2 0.11875 0.4109375 0.0953125 0.3890625 0.06406250000000001 0.3953125 0.0625 0.4 0.0671875 0.45625 0.0765625 0.4859375 0.0984375 0.525 0.1109375 0.5265624999999999 0.1265625 0.515625 0.134375 0.4953125 0.1265625 0.4265625 0.11875 0.4109375
2 0.8453125 0.6671875 0.853125 0.653125 0.8453125 0.5343749999999999 0.8359375 0.5296875 0.8265625 0.5484375 0.8328125 0.665625 0.8453125 0.6671875
2 0.1140625 0.1890625 0.0828125 0.2046875 0.0796875 0.2390625 0.0875 0.2609375 0.1578125 0.27968750000000003 0.1734375 0.27187500000000003 0.190625 0.2359375 0.1921875 0.2046875 0.184375 0.1890625 0.1140625 0.1890625
0 0.571875 0.6703125 0.5656249999999999 0.6453125 0.5656249999999999 0.5703125 0.525 0.525 0.5078125 0.5281250000000001 0.496875 0.5390625 0.5187499999999999 0.5734374999999999 0.5187499999999999 0.5875 0.4890625 0.6484375 0.49375 0.6921875 0.525 0.740625 0.5499999999999999 0.7421875 0.5593750000000001 0.6953125 0.571875 0.6703125
2 0.5031249999999999 0.5546875 0.4703125 0.5750000000000001 0.465625 0.5875 0.475 0.5984375 0.48125 0.6265625 0.4921875 0.6375 0.5078125 0.6234375 0.5234375 0.571875 0.5140625 0.5578124999999999 0.5031249999999999 0.5546875