2 0.29333589814814814 0.25235165972222223 0.3237985393518518 0.3063693449074074 0.3249263101851852 0.32021017592592593 0.3092784837962963 0.36271946759259255 0.3428168657407408 0.39051646759259256 0.4033705 0.38737664814814815 0.4207099837962963 0.3656286041666667 0.43060361574074074 0.316468025462963 0.41311034027777777 0.1870690763888889 0.40478021296296296 0.170126875 0.3843393564814815 0.15381263425925926 0.3490324236111111 0.14695629861111112 0.3096629490740741 0.15420991898148148 0.3024221458333333 0.17195950231481483 0.2937716273148148 0.17240804861111111 0.2857875185185185 0.20235806944444443 0.29333589814814814 0.25235165972222223
0 0.49897475462962965 0.21736511574074074 0.48911956944444446 0.24567474074074075 0.49296424537037037 0.2715365879629629 0.5016147638888889 0.27108804166666667 0.5112520810185185 0.2827502245370371 0.5415481203703704 0.27075483796296296 0.5558503148148148 0.2543765231481481 0.5642573356481482 0.2296168148148148 0.6078687685185186 0.18913238425925927 0.6341791620370371 0.1495450486111111 0.634435474537037 0.08872228703703705 0.6216198912037036 0.08069973148148149 0.5727540694444444 0.07802127314814815 0.557606050925926 0.08401896759259259 0.5337690625 0.11131616203703704 0.5186851226851852 0.16074586574074076 0.5201973611111111 0.20062796527777776 0.49897475462962965 0.21736511574074074
2 0.6172754050925926 0.7950019236111111 0.6423042407407408 0.8249775717592592 0.663629375 0.8308214768518518 0.6679354097222222 0.8410226851851852 0.7023580671296296 0.8583493541666667 0.7177880300925926 0.8558118680555556 0.7226963981481481 0.8520825324074074 0.7119313078703704 0.8265795208333334 0.6794181736111111 0.7900422916666666 0.6520569004629629 0.7740868912037037 0.617454824074074 0.7758810717592594 0.6172754050925926 0.7950019236111111
2 0.49448929861111107 0.4608355740740741 0.4836473148148148 0.477034474537037 0.4817377916666667 0.4962450324074074 0.4885428680555556 0.5584390625 0.4957067800925926 0.5823913888888889 0.5187620162037037 0.5881455856481481 0.5245931041666667 0.553094962962963 0.5205433819444445 0.4820709976851852 0.5123542222222223 0.46685890046296297 0.49448929861111107 0.4608355740740741
2 0.36735870833333334 0.6064206064814814 0.36629501620370375 0.6360117893518519 0.3785723425925926 0.7013968981481482 0.3897987939814815 0.7112392662037037 0.4091118819444444 0.7137126736111111 0.4153274375 0.7047033194444444 0.4065487638888889 0.6182878379629629 0.3926054074074074 0.5964244537037038 0.3768935046296296 0.5955017314814816 0.36735870833333334 0.6064206064814814
2 0.6870434444444444 0.32923234490740744 0.680827886574074 0.3382417037037037 0.6823785717592593 0.3572728449074074 0.695578625 0.3913366666666667 0.7239651412037037 0.3985518402777778 0.7600153796296296 0.3932077407407408 0.7676790972222222 0.3806484675925926 0.7659874398148148 0.35988722222222225 0.7458669745370371 0.32618223611111113 0.7174804560185185 0.3189670648148148 0.6870434444444444 0.32923234490740744
2 0.7278867106481482 0.8518134050925925 0.7147507361111111 0.8611815949074073 0.7256567986111112 0.888414712962963 0.7459566828703704 0.9029988472222222 0.8100730486111111 0.9222606689814815 0.8325643981481482 0.9210944513888889 0.8687251064814815 0.9296439328703704 0.8788553125 0.9047948749999999 0.8653802384259259 0.867270486111111 0.8419526458333334 0.8354743935185185 0.7747404837962962 0.8511213634259259 0.7278867106481482 0.8518134050925925
2 0.6479046527777778 0.6804818657407408 0.6484300902777778 0.7082532361111111 0.6870178148148148 0.7340510069444444 0.7060489560185185 0.7330642060185185 0.7242342685185186 0.7216967824074074 0.746866587962963 0.7222606689814816 0.7597206203703704 0.7094322708333333 0.7721132893518518 0.7122645138888889 0.7757529166666667 0.6929642430555555 0.7897347175925925 0.6939766759259259 0.7868768402777777 0.6802255532407407 0.7994489305555555 0.6639369467592593 0.7983211574074074 0.6500961157407408 0.7784826365740741 0.6198513402777778 0.7558503148148148 0.6192874537037036 0.7424708449074074 0.6043444814814815 0.7109060625 0.6007689351851851 0.671536587962963 0.6080225555555556 0.648160962962963 0.6196591041666666 0.6345636296296296 0.6446879398148149 0.6479046527777778 0.6804818657407408
2 0.9156478287037038 0.6613866458333333 0.9250032037037037 0.6695886203703704 0.9236191203703704 0.716570548611111 0.9313469189814815 0.7474432916666667 0.9369601435185184 0.752364474537037 0.9622068425925926 0.7423683194444445 0.9830065347222222 0.7204408564814815 0.989978212962963 0.6140971412037037 0.9796360393518518 0.5937844421296297 0.9532615671296296 0.5899397685185185 0.9397026782407407 0.5941176458333333 0.9370882986111111 0.6046776875 0.9220812523148149 0.6124054861111111 0.9145200578703703 0.6475458171296297 0.9205561967592593 0.6576573125 0.9156478287037038 0.6613866458333333
2 0.147533 0.5952326018518519 0.12104318981481482 0.6539407916666667 0.13051390509259259 0.8341407152777778 0.13622965509259258 0.8616429583333334 0.14745610648148147 0.8714853263888889 0.15222350462962964 0.8660258888888889 0.1774830208333333 0.7708958101851852 0.1629245162037037 0.6135460717592592 0.147533 0.5952326018518519
2 0.5494681550925926 0.6664744328703703 0.5269768055555555 0.6676406527777778 0.522491349537037 0.6765602986111111 0.5415096759259259 0.7607074189814815 0.5773804953703704 0.7744841736111111 0.597718826388889 0.7682173518518518 0.6012174814814815 0.7471869791666668 0.5799692430555555 0.6996411643518519 0.5494681550925926 0.6664744328703703
0 0.3485838773148148 0.7811354606481481 0.3368960671296296 0.7869537361111112 0.33798539120370374 0.8216455208333334 0.3775214675925926 0.8804049722222222 0.40544662268518517 0.9032807893518519 0.4174163773148148 0.9009227222222222 0.41079072222222224 0.8196078449074073 0.40260156481481485 0.8043957453703704 0.3697680393518518 0.7852492638888889 0.3485838773148148 0.7811354606481481
0 0.9119569398148148 0.31757016435185187 0.8289119560185185 0.3218762013888889 0.8112905300925926 0.34016403935185185 0.8176086111111112 0.3537357407407407 0.8315904143518518 0.35474817361111116 0.9248750486111111 0.34817377777777775 0.9265026273148149 0.32550301388888886 0.9119569398148148 0.31757016435185187