2 0.4050300300925926 0.2757006990740741 0.39489489351851853 0.275775775462963 0.36631631712962964 0.2574074074074074 0.3325450439814815 0.2559684699074074 0.3240615625 0.261098599537037 0.2987737731481481 0.2545295300925926 0.23120620601851852 0.25503003009259256 0.1555430439814815 0.2082957939814815 0.13692442592592594 0.2135010023148148 0.14142892824074074 0.2894769791666667 0.1668918912037037 0.27239739583333333 0.18708708796296297 0.28238238425925927 0.2191691689814815 0.28383383333333334 0.24439439583333333 0.298848849537037 0.3085460462962963 0.30344093981481485 0.4082457453703704 0.29763513425925925 0.4050300300925926 0.2757006990740741
2 0.26764264120370374 0.5807557569444444 0.2692317314814815 0.5942567569444445 0.2927177175925926 0.6160410416666666 0.2959459467592592 0.636286287037037 0.3228603611111111 0.6512887870370371 0.3464839837962963 0.6544919930555556 0.35824574537037035 0.6628503518518519 0.37177177314814813 0.6610610625 0.38216966898148147 0.6255130115740741 0.3806056041666666 0.6086336342592593 0.31330080092592594 0.573661162037037 0.2829079074074074 0.5721971967592593 0.26764264120370374 0.5807557569444444
2 0.24464464351851853 0.7211211203703703 0.2682182175925926 0.7310810810185185 0.3239614606481481 0.7306681689814815 0.349474474537037 0.7068318310185185 0.3327077083333333 0.6900650648148149 0.26511511574074076 0.6939439444444445 0.24464464351851853 0.7211211203703703
2 0.30561811805555555 0.47068318287037036 0.29707207175925926 0.4842592592592592 0.3052677685185185 0.5179804814814815 0.3120495486111111 0.5145520509259259 0.38452202314814815 0.535973474537037 0.4200450439814815 0.5289539537037037 0.4201076064814815 0.5205080069444444 0.4033283287037037 0.5054304305555556 0.41021021064814817 0.48848848842592596 0.40693193055555554 0.475 0.37162162268518517 0.4533033032407407 0.3344594606481482 0.45357857870370366 0.30561811805555555 0.47068318287037036
2 0.47535034953703703 0.8156906898148149 0.5666916898148148 0.798123125 0.6329079074074074 0.7520270277777777 0.6499874861111111 0.7265640648148148 0.6433683680555555 0.7080330324074074 0.5604979976851852 0.7221596597222223 0.535035037037037 0.739239238425926 0.5349849861111111 0.7459959953703703 0.5265390393518519 0.7460585578703705 0.5213963981481482 0.7562312314814815 0.5078953958333333 0.7546421435185185 0.5044669652777778 0.7614239259259259 0.49266766666666667 0.7581331319444444 0.4774149166666667 0.7650025023148148 0.45889639814814814 0.7566941944444444 0.40793293287037036 0.7959209212962962 0.4027402407407408 0.8128503495370369 0.412837837962963 0.8178428425925927 0.47535034953703703 0.8156906898148149
2 0.13075575694444444 0.3621871875 0.11886887037037036 0.37072072222222224 0.04455705555555555 0.3695820833333333 0.03258258101851852 0.38993993981481484 0.03070570601851852 0.41529029166666664 0.052615115740740744 0.4218843842592592 0.09147897916666665 0.4199074074074074 0.10844594444444444 0.40964714583333334 0.14555805787037038 0.41612862731481487 0.1625 0.40924674537037037 0.17100850925925926 0.40073823842592593 0.1694819814814815 0.37879129166666664 0.15101351157407408 0.36372622685185185 0.13075575694444444 0.3621871875
2 0.11772805324074075 0 0.10626876851851852 0.019481981481481482 0.09951201157407408 0.019532032407407404 0.09934934953703704 0.04149149074074074 0.112625125 0.07348598611111111 0.11744244212962963 0.1072322337962963 0.1276401388888889 0.09871121064814814 0.15594344444444447 0.04022772685185186 0.1856856851851852 0.01551551388888889 0.19242871527777777 0 0.1693443449074074 0 0.16550300462962964 0.0038413402777777777 0.12701825925925925 0 0.11772805324074075 0
2 0.2862612615740741 0.8035785787037036 0.31002252083333337 0.7882007013888889 0.31194944907407407 0.7560935949074074 0.30017517592592596 0.749424425925926 0.1971096111111111 0.7535660648148149 0.18858858796296296 0.7637637638888889 0.1900650648148148 0.7924674675925927 0.19672172222222223 0.8059309305555556 0.2862612615740741 0.8035785787037036
2 0.6168168171296295 0.6440440439814815 0.6472972986111111 0.6336836851851851 0.6627252245370371 0.6031656666666666 0.6629129120370371 0.5778278287037037 0.6461336342592593 0.56275025 0.5784909907407407 0.5733858865740741 0.5715215208333334 0.6021521527777778 0.5613113101851852 0.6123623611111112 0.5611361342592592 0.636011011574074 0.6168168171296295 0.6440440439814815
0 0.7557057037037036 0.5923423425925927 0.7457207199074074 0.5721471481481482 0.7411161157407408 0.5096846851851852 0.725925925925926 0.5081081087962963 0.714026525462963 0.5183308310185185 0.6623623611111111 0.6521521527777778 0.6687937939814815 0.6960210208333334 0.6564939930555556 0.7602977986111111 0.6614114097222222 0.7805305300925925 0.649361861111111 0.8110235231481482 0.662600099537037 0.8480855856481482 0.7116616620370371 0.837587587962963 0.7458083078703703 0.7883508518518518 0.7579704699074074 0.7426551550925926 0.7551176157407407 0.671734236111111 0.7653278287037037 0.6615240231481481 0.7557057037037036 0.5923423425925927
2 0.6676301319444445 0.3970595601851852 0.661011011574074 0.37852853009259263 0.6780030023148148 0.3648898912037037 0.6965965972222222 0.3630630625 0.6933183194444444 0.34957457407407405 0.7069694675925926 0.3308933935185185 0.7037037037037037 0.31571571759259265 0.6901151157407407 0.3259509513888889 0.5975819560185185 0.378998375 0.5283941435185185 0.3761326828703704 0.49603203009259256 0.4152216226851852 0.42755255324074076 0.42755255324074076 0.4255255254629629 0.4731731736111111 0.43562312268518516 0.47816566666666666 0.5184184166666667 0.4741741759259259 0.6064314305555556 0.449874875 0.6267017013888889 0.44972472453703705 0.6539914907407407 0.41405155092592594 0.6540665671296296 0.40391641666666667 0.6676301319444445 0.3970595601851852