2 0.25557870370370367 0.3664930555555555 0.26633101851851854 0.36377314814814815 0.2702777777777778 0.3514467592592592 0.2663888888888889 0.28582175925925923 0.24311342592592594 0.23506944444444444 0.22261574074074075 0.23119212962962962 0.2088310185185185 0.2353587962962963 0.2074652777777778 0.26493055555555556 0.23774305555555555 0.35491898148148143 0.25557870370370367 0.3664930555555555
2 0.4471875 0.5217013888888888 0.45114583333333336 0.5358796296296297 0.4657638888888889 0.545775462962963 0.49980324074074073 0.6203125 0.5006365740740741 0.634375 0.5146064814814815 0.6333333333333334 0.5341898148148149 0.6480902777777778 0.5362152777777778 0.6559606481481481 0.5813425925925926 0.6545138888888888 0.6036805555555556 0.6631365740740741 0.6579050925925926 0.6573495370370371 0.6696643518518519 0.6453125 0.6745254629629629 0.6221064814814815 0.6696064814814814 0.5127893518518518 0.6641782407407407 0.5001157407407407 0.6696875 0.4878472222222222 0.6557060185185185 0.46238425925925924 0.6464004629629629 0.4105902777777778 0.6358217592592593 0.3899305555555555 0.5559259259259259 0.3308449074074074 0.5390972222222222 0.30995370370370373 0.5211689814814815 0.29681712962962964 0.5070138888888889 0.2947337962962963 0.49211805555555554 0.280150462962963 0.4280555555555555 0.2777777777777778 0.4127199074074074 0.3083912037037037 0.4118981481481481 0.3208333333333333 0.41998842592592595 0.3258101851851852 0.42266203703703703 0.3446180555555556 0.4311226851851852 0.3558449074074074 0.4332523148148148 0.3917824074074074 0.44208333333333333 0.40925925925925927 0.4407175925925926 0.43883101851851847 0.44577546296296294 0.44525462962962964 0.42381944444444447 0.4693865740740741 0.4257638888888889 0.502199074074074 0.4345949074074074 0.5196759259259259 0.4471875 0.5217013888888888
2 0.7302777777777778 0.3263888888888889 0.7298032407407407 0.29207175925925927 0.7158217592592593 0.2666087962962963 0.7001967592592593 0.2660300925925926 0.6702430555555556 0.2867476851851852 0.6555439814814815 0.30179398148148145 0.6611574074074075 0.3175925925925926 0.6853356481481482 0.33096064814814813 0.7302777777777778 0.3263888888888889
2 0.6481365740740741 0.17679398148148148 0.6539236111111111 0.16921296296296295 0.6258680555555556 0.11672453703703703 0.5947106481481482 0.11712962962962964 0.5857986111111111 0.12459490740740742 0.5862615740740741 0.13240740740740742 0.602175925925926 0.16417824074074072 0.6120138888888889 0.17233796296296297 0.6481365740740741 0.17679398148148148
2 0.5532291666666667 0.6799768518518519 0.5468055555555555 0.703125 0.5480092592592593 0.7234375 0.5565625 0.7362268518518519 0.5692476851851852 0.7398148148148148 0.6332175925925926 0.740625 0.6549884259259259 0.7133680555555556 0.6761226851851851 0.7016782407407407 0.6753703703703704 0.662673611111111 0.5987152777777778 0.6582754629629629 0.5606712962962963 0.6740162037037037 0.5532291666666667 0.6799768518518519
2 0.04447916666666667 0.1980902777777778 0.07729166666666666 0.19930555555555554 0.10421296296296297 0.18003472222222225 0.10861111111111112 0.1490162037037037 0.09711805555555555 0.13923611111111112 0.08140046296296297 0.1370949074074074 0.06954861111111112 0.14756944444444445 0.049421296296296297 0.14994212962962963 0.037303240740740734 0.1822337962962963 0.04447916666666667 0.1980902777777778
0 0.502800925925926 0.7498263888888889 0.5296296296296297 0.7289930555555556 0.5324537037037037 0.6714120370370371 0.5230555555555556 0.6180555555555556 0.4882060185185185 0.5824652777777778 0.48783564814814817 0.5762152777777778 0.4764351851851852 0.5679976851851852 0.47055555555555556 0.5740162037037037 0.44555555555555554 0.5730902777777778 0.43039351851851854 0.580324074074074 0.42313657407407407 0.5894097222222222 0.42443287037037036 0.6112847222222222 0.40982638888888884 0.6278935185185185 0.4170023148148148 0.64375 0.41186342592592595 0.6622685185185185 0.4249189814814815 0.6721064814814816 0.43643518518518515 0.7348958333333334 0.4443402777777778 0.7367476851851852 0.4480208333333333 0.7462384259259259 0.502800925925926 0.7498263888888889
0 0.514689525462963 0.48990190972222225 0.5201146412037038 0.5025754050925926 0.5376747106481482 0.5359662615740741 0.5237615740740741 0.5510416666666667 0.583136574074074 0.5532407407407407 0.5900231481481482 0.5379050925925926 0.5790740740740741 0.5109953703703703 0.5614553819444444 0.5165791087962963 0.5679398148148148 0.48096064814814815 0.5359964699074075 0.4813366319444444 0.5324537037037037 0.4609375 0.4921064814814815 0.46412037037037035 0.514689525462963 0.48990190972222225
0 0.17716435185185184 0.12193287037037036 0.16016203703703702 0.1244212962962963 0.1617361111111111 0.1509837962962963 0.17212962962962963 0.1685185185185185 0.18481481481481482 0.17210648148148147 0.19188657407407406 0.15989583333333335 0.18912037037037038 0.13952546296296295 0.17716435185185184 0.12193287037037036
2 0.761725462962963 0.5832412037037037 0.7532278935185185 0.6764707175925926 0.7087221064814815 0.7668075231481482 0.6678096064814815 0.8179108796296296 0.7419888310185185 0.8023391782407407 0.7968987847222222 0.5720713541666667 0.774844849537037 0.35766186342592593 0.7493596643518518 0.26941001157407407 0.7347262731481481 0.20650520833333333 0.7018414930555555 0.20372818287037037 0.6715377314814815 0.2181965277777778 0.6726604166666666 0.26345115740740743 0.7071871527777778 0.24134386574074074 0.7354122685185186 0.296956712962963 0.7405843171296297 0.35795202546296295 0.7646011574074074 0.4477085648148148 0.761725462962963 0.5832412037037037
2 0.2623611111111111 0.5335648148148148 0.27293981481481483 0.5542245370370371 0.28608796296296296 0.5656249999999999 0.29637731481481483 0.5550925925925926 0.29746527777777776 0.5208333333333334 0.29119212962962965 0.4675925925925926 0.27978009259259257 0.43287037037037035 0.2654398148148148 0.42766203703703703 0.2625925925925926 0.43223379629629627 0.2585648148148148 0.4695023148148148 0.2623611111111111 0.5335648148148148