2 0.5446890277777777 0.43927323611111113 0.5180526435185185 0.4420335416666667 0.5111344050925927 0.4849056597222222 0.5271488472222222 0.5157232708333334 0.5610062893518518 0.5284067083333333 0.5783018865740741 0.5276380138888889 0.6042860462962963 0.5138714189814815 0.5952636388888889 0.4680298726851852 0.599813650462963 0.4383997199074074 0.5637433032407407 0.44157931481481477 0.5506056365740741 0.4327044027777778 0.5446890277777777 0.43927323611111113
2 0.39570230787037036 0.6918238981481482 0.38145818750000005 0.6908805023148148 0.36713254166666665 0.7151642199074074 0.36751688888888884 0.7482529699074073 0.3770556712962963 0.7762054490740741 0.39111343981481483 0.7740041921296297 0.4059981365740741 0.7591544375 0.4127416712962963 0.7399371064814815 0.41078499768518517 0.7069182384259259 0.39570230787037036 0.6918238981481482
2 0.24254600694444445 0.9272187268518519 0.250512462962963 0.955241087962963 0.2615187523148148 0.9547519212962963 0.2667016087962963 0.9624039143518518 0.263661775462963 0.9909154444444445 0.3184136967592593 0.9837526203703704 0.32109247453703704 0.975751224537037 0.3336710925925926 0.9751921736111112 0.31701607407407406 0.9601677152777778 0.3302352662037037 0.9438155138888888 0.3267179143518518 0.9376659675925927 0.3401234560185185 0.9244584212962963 0.35288842129629633 0.9270440254629629 0.36333566203703704 0.9171208958333333 0.3584206851851852 0.8873864421296296 0.3314931273148148 0.8586303287037036 0.3232471458333333 0.8258909861111111 0.31482646296296296 0.8168064282407408 0.2990100162037037 0.8159329143518519 0.2907873287037037 0.8367924537037038 0.28431166898148147 0.833927324074074 0.2724784537037037 0.8470649884259259 0.2734102037037037 0.8627882592592593 0.23752620370370373 0.8691125092592593 0.24012345833333334 0.8863382245370371 0.2290356388888889 0.9120545092592592 0.23449801851851854 0.9244234814814816 0.24254600694444445 0.9272187268518519
2 0.27586769212962964 0.5584206828703704 0.26911250694444444 0.5508385740740741 0.2518169097222222 0.5516072685185185 0.23758444212962962 0.5774633124999999 0.23851618981481482 0.5931865810185185 0.27310738425925923 0.5916491944444444 0.27586769212962964 0.5584206828703704
2 0.6861635231481481 0.7782320046296297 0.6547169814814815 0.7796296296296297 0.6311437222222223 0.8074772893518519 0.6422548333333333 0.8353598888888889 0.6558583750000001 0.8520964351851852 0.6919287199074075 0.8489168425925926 0.7067202430555555 0.8324947592592593 0.7030980671296296 0.7979734444444445 0.6861635231481481 0.7782320046296297
2 0.4469951087962963 0.5996855347222222 0.43367109259259257 0.5876659675925926 0.40694153240740744 0.5888539490740741 0.4011297453703704 0.623794548611111 0.40928255324074075 0.6549615648148148 0.44248777083333335 0.6566387129629631 0.454041462962963 0.6387840671296297 0.4469951087962963 0.5996855347222222
2 0.6349871874999999 0.7127183796296296 0.6153738634259258 0.7009783379629629 0.5983577916666667 0.7064640115740741 0.5898555787037038 0.7226065671296297 0.5928255277777777 0.7461215949074074 0.6402748657407408 0.748742138888889 0.6349871874999999 0.7127183796296296
2 0.6547752152777777 0.9136268333333334 0.6518984398148149 0.891684136574074 0.6252620555555555 0.8944444444444444 0.6012229212962963 0.9144304675925925 0.5900419282407408 0.9385744236111111 0.6369322152777778 0.9317610046296296 0.6547752152777777 0.9136268333333334
2 0.582052175925926 0.8569531782407408 0.5644770555555555 0.8530048935185185 0.5316445370370371 0.8576170509259259 0.5117633356481481 0.8679594699074074 0.5091893796296296 0.9043326342592592 0.5485907291666666 0.9041579328703704 0.5610761712962963 0.9020265532407408 0.5775331921296296 0.8871069189814814 0.5845562546296296 0.8726065671296296 0.582052175925926 0.8569531782407408
2 0.21884462962962964 0.660272537037037 0.20951549074074075 0.6890635902777779 0.21860004629629629 0.7359538796296297 0.2351618912037037 0.7494060092592593 0.25097833564814814 0.750279525462963 0.2657698587962963 0.7338574421296296 0.2664803171296296 0.6660377361111111 0.2611111111111111 0.6552410902777778 0.24039133333333335 0.6514325648148147 0.21884462962962964 0.660272537037037
2 0.8007337523148149 0.7163871412037037 0.7850104814814814 0.7170859537037038 0.7939086875 0.7608315856481481 0.804088050925926 0.7729909143518519 0.8330421620370371 0.7827393425925926 0.8421965995370371 0.7776030740740741 0.8361751689814815 0.7558001388888889 0.8122990902777778 0.7253319374999999 0.8007337523148149 0.7163871412037037
0 0.5841253217592592 0.30667365509259265 0.5888539490740741 0.3332634537037037 0.5973678101851851 0.34392033564814817 0.6010831597222223 0.38001397685185184 0.6150593981481483 0.4030398310185185 0.6811903101851852 0.401677150462963 0.6980200324074074 0.3930468194444444 0.702177962962963 0.383403212962963 0.6975308657407407 0.33158630324074073 0.7035173518518518 0.27299091666666664 0.6941183310185186 0.1409853263888889 0.6759841597222221 0.12760307407407406 0.6633123703703704 0.1265897962962963 0.5821104120370371 0.13965758333333333 0.5730491481481481 0.14636617824074075 0.5786978796296296 0.16187980555555553 0.5841253217592592 0.30667365509259265
2 0.7924994189814816 0.7104472407407407 0.810272537037037 0.7443396226851852 0.8381201944444444 0.7620195648148148 0.8612625208333333 0.8067085972222222 0.9089215 0.866072675925926 0.9197414398148148 0.8624388541666667 0.9053925 0.8331236898148148 0.9090845578703705 0.8156184490740741 0.9018634976851851 0.8001747037037037 0.8764150949074073 0.7697763796296295 0.8720591666666666 0.7494758912037037 0.8572559976851851 0.7390985347222222 0.8602958310185186 0.7105870000000001 0.8535173541666666 0.6494060092592592 0.8673887731481481 0.644060099537037 0.8511064513888889 0.6353249490740741 0.837223386574074 0.6138714189814815 0.8197414398148148 0.6114954560185185 0.816026087962963 0.5754018171296297 0.8330421597222222 0.5699161435185185 0.8327626365740741 0.565199162037037 0.8266596782407407 0.5686233402777778 0.8150011643518519 0.5581062199074074 0.8136967152777778 0.5360936412037037 0.7709643611111111 0.5332634513888889 0.7595038425925926 0.5526904259259259 0.7621127407407408 0.5967155833333334 0.7924994189814816 0.7104472407407407
2 0.07335196759259259 0.4397274652777778 0.0681924050925926 0.48567435416666666 0.12018402083333334 0.7245632430555555 0.14036804166666667 0.7725366874999999 0.1546121597222222 0.7734800833333333 0.15663871296296297 0.7544723981481481 0.1582809236111111 0.7023759606481482 0.14642441203703704 0.6619147453703704 0.13480084027777778 0.5189727453703704 0.11962496990740741 0.5023060787037037 0.12507570370370372 0.48787561342592595 0.1119263912037037 0.45220125694444446 0.10249243055555556 0.45262054398148144 0.10156068055555556 0.43689727314814814 0.08018868055555554 0.4220824583333333 0.08361285648148148 0.42665967824074075 0.07335196759259259 0.4397274652777778
2 0.2254833449074074 0.39986023842592594 0.18321686574074075 0.40489168287037036 0.17583275231481482 0.43990216435185187 0.18307710185185186 0.5089447939814815 0.2030631273148148 0.5269741435185185 0.24237130324074074 0.5252271134259259 0.25319124074074073 0.5215932916666667 0.25429769444444444 0.513661775462963 0.2513976226851852 0.43812019675925923 0.24574889351851853 0.4226065694444444 0.2254833449074074 0.39986023842592594