2 0.4136666666666667 0.19038271527777778 0.4077777777777778 0.20008641898148147 0.41340740740740745 0.21214814814814814 0.4252592592592592 0.22960493750000002 0.4432962962962963 0.23402469212962965 0.4631481481481482 0.2368765439814815 0.4770740740740741 0.231 0.47870370370370374 0.21266666666666667 0.4703333333333333 0.19374074074074074 0.4136666666666667 0.19038271527777778
2 0 0.8933818819444445 0.042580185185185186 0.9089394560185186 0.22324296296296298 0.9296980740740741 0.3007551851851852 0.8488436550925926 0.21681481481481482 0.7651234560185186 0.19333333333333333 0.6900123449074074 0.1527037037037037 0.6758765439814814 0.06951851851851852 0.6692716041666666 0.01311111111111111 0.7195432106481482 0 0.7223391944444444 0 0.8447389791666666 0.014155740740740741 0.8519653333333332 0 0.8897235324074074 0 0.8933818819444445
2 0.7473703703703704 0.620641974537037 0.7466296296296296 0.6289753078703704 0.7578518518518519 0.6346666666666666 0.8127037037037037 0.6395925925925925 0.8649629629629629 0.6359876550925926 0.8788888888888889 0.6301111111111112 0.8796296296296297 0.6217777777777778 0.7797777777777777 0.6141851851851852 0.7473703703703704 0.620641974537037
2 0.7562222222222222 0.7283950625000001 0.771074074074074 0.7309506180555556 0.7937777777777777 0.7205679004629629 0.7971851851851852 0.6822345671296296 0.7786666666666667 0.6643827152777777 0.7603333333333333 0.6632962962962963 0.7512592592592592 0.6711358032407408 0.7562222222222222 0.7283950625000001
2 0.16062962962962962 0.5490123449074075 0.13825925925925928 0.5744938263888889 0.14251851851851852 0.5831234560185186 0.17237037037037037 0.5865679004629629 0.20325925925925928 0.5783456782407408 0.2121851851851852 0.5721728402777777 0.21848148148148147 0.5390370370370371 0.16618518518518519 0.5242098773148148 0.16062962962962962 0.5490123449074075
2 0.297962962962963 0.6627037037037037 0.28544444444444445 0.6904444444444444 0.2832222222222222 0.7154444444444444 0.3083703703703704 0.7152592592592593 0.3292592592592593 0.7064444444444445 0.34344444444444444 0.6788024699074073 0.3395925925925926 0.6467407407407407 0.3195925925925926 0.6455555555555555 0.297962962962963 0.6627037037037037
2 0.5162222222222222 0.2618024699074074 0.5337777777777778 0.2527901226851852 0.5547777777777777 0.2238765439814815 0.5598888888888889 0.20407407407407407 0.5565185185185185 0.18544444444444444 0.5483333333333333 0.1832839513888889 0.4868974074074074 0.18634508564814814 0.45446962962962967 0.2497658263888889 0.4563551851851852 0.28506192592592594 0.46671722222222223 0.31918488888888885 0.5012592592592593 0.27934567824074075 0.5162222222222222 0.2618024699074074
2 0.23455555555555557 0.5466913587962963 0.2441111111111111 0.5522839513888889 0.24944444444444447 0.5676790115740741 0.26081481481481483 0.5717037037037037 0.35929629629629634 0.5758641967592593 0.36777777777777776 0.5746913587962963 0.3736666666666667 0.5649876550925926 0.4063703703703703 0.5551975300925927 0.4252592592592592 0.5311851851851852 0.4515925925925926 0.5176666666666667 0.46288888888888885 0.48482715972222223 0.4646666666666666 0.4648271597222222 0.4587407407407407 0.4560987662037037 0.46418518518518515 0.4513950625 0.44885185185185184 0.4354074074074074 0.3208518518518519 0.4429012337962963 0.2918148148148148 0.4679876550925926 0.23455555555555557 0.5466913587962963
2 0.7100740740740741 0.07893827083333332 0.6917407407407408 0.07785185185185185 0.6775185185185185 0.08706172916666667 0.6590370370370371 0.08764197453703704 0.6516296296296297 0.09558024768518518 0.6335555555555556 0.14812345601851853 0.6393703703703705 0.17695061805555556 0.6714814814814815 0.17382715972222224 0.6971851851851852 0.14854321064814813 0.7181481481481482 0.1011975300925926 0.7100740740740741 0.07893827083333332
2 0.9364444444444444 0.6988641967592593 0.8874692592592593 0.7093655300925925 0.8551542592592593 0.7526876041666667 0.824962962962963 0.7844074074074073 0.8299629629629629 0.7847037037037038 0.8318148148148148 0.801567900462963 0.8477407407407407 0.8108888888888889 0.8731038888888889 0.7956374328703704 0.8942403703703704 0.7650564930555556 0.9197455555555556 0.7230063217592593 0.9364444444444444 0.6988641967592593
0 0.491 0.8282839513888889 0.5034814814814814 0.7821111111111111 0.4965555555555556 0.7280864189814815 0.48518518518518516 0.7240617291666667 0.4686296296296297 0.7029753078703704 0.4136296296296296 0.6997160486111111 0.3694074074074074 0.7825432106481481 0.34492592592592597 0.8129259259259259 0.36088888888888887 0.8406790115740741 0.4271111111111111 0.8496296296296296 0.4741851851851852 0.828962962962963 0.491 0.8282839513888889
0 0.2975185185185185 0.2907283958333333 0.29848148148148146 0.3175925925925926 0.305 0.31965432175925923 0.3616666666666667 0.32301234490740743 0.3852962962962963 0.32106172916666664 0.40285185185185185 0.3120493819444444 0.40614814814814815 0.2938148148148148 0.4155185185185185 0.28264197453703704 0.4086296296296296 0.24704938194444445 0.4117407407407408 0.21204938194444445 0.40507407407407403 0.21165432175925927 0.3998888888888889 0.19459259259259257 0.38607407407407407 0.18037037037037038 0.3077407407407407 0.17572839583333333 0.2912592592592593 0.1915061736111111 0.29129629629629633 0.2853333333333333 0.2975185185185185 0.2907283958333333