2 0.778125 0.4609375 0.775 0.478125 0.7734375 0.496875 0.7796875 0.509375 0.796875 0.509375 0.8140625 0.5 0.8140625 0.446875 0.8046875 0.4421875 0.79375 0.4484375 0.778125 0.4609375
2 0.2984375 0.1171875 0.29062499999999997 0.0890625 0.27968750000000003 0.0796875 0.25156249999999997 0.0796875 0.24375 0.068240625 0.209375 0.049501562500000006 0.175 0.12913906249999998 0.13593750000000002 0.118209375 0.1234375 0.16037031249999997 0.1140625 0.330575 0.19375 0.396159375 0.26718749999999997 0.3109375 0.3359375 0.28281249999999997 0.346875 0.24375 0.3484375 0.165625 0.2984375 0.1171875
2 0.41875 0.8046875 0.4171875 0.85625 0.4234375 0.9046875 0.4296875 0.9171875 0.4375 0.9171875 0.4390625 0.8234375 0.43125 0.79375 0.4234375 0.79375 0.41875 0.8046875
2 0.3296875 0.825 0.340625 0.8453125 0.3765625 0.8453125 0.3921875 0.8265625 0.3921875 0.809375 0.384375 0.8015625 0.33125 0.8109375 0.3296875 0.825
2 0.4328125 0.2265625 0.43125 0.2546875 0.440625 0.28281249999999997 0.446875 0.29062499999999997 0.478125 0.29375 0.4890625 0.24375 0.465625 0.240625 0.440625 0.221875 0.4328125 0.2265625
2 0.3171875 0.36875 0.31875 0.3921875 0.328125 0.4109375 0.3546875 0.421875 0.384375 0.415625 0.384375 0.396875 0.3671875 0.378125 0.340625 0.36875 0.3171875 0.36875
2 0.828125 0.571875 0.821875 0.514834375 0.7609375 0.48984999999999995 0.728125 0.49453437499999997 0.696875 0.5070265625 0.7359375 0.5359375000000001 0.753125 0.5484375 0.7625 0.5640625 0.790625 0.5812499999999999 0.809375 0.584375 0.8265625 0.5796875 0.828125 0.571875
2 0.5609375 0.5171875 0.56875 0.5109374999999999 0.5734374999999999 0.515625 0.5875 0.5 0.5734374999999999 0.38125 0.5484375 0.35625 0.471875 0.309375 0.4671875 0.31875 0.453125 0.325 0.45 0.3359375 0.4515625 0.428125 0.453125 0.4359375 0.4625 0.440625 0.4734375 0.4703125 0.496875 0.4859375 0.5109374999999999 0.509375 0.5421874999999999 0.5171875 0.5609375 0.5171875
2 0.915625 0.6609375 0.865625 0.6484375 0.8390625 0.65625 0.84375 0.6859375 0.86875 0.7078125 0.9140625 0.7234375 0.934375 0.7140625 0.934375 0.696875 0.925 0.684375 0.9234375 0.6671875 0.915625 0.6609375
2 0.28281249999999997 0.884375 0.26718749999999997 0.8875 0.25937499999999997 0.903125 0.27499999999999997 0.9255140625 0.3046875 0.942690625 0.3453125 0.962990625 0.36875 0.9765625 0.35625 0.9317593750000001 0.3140625 0.9052140625 0.28281249999999997 0.8796875 0.28281249999999997 0.884375
0 0.3390625 0.4890625 0.25937499999999997 0.4546875 0.2296875 0.434375 0.2046875 0.4515625 0.2 0.5140625 0.221875 0.55625 0.2234375 0.571875 0.26718749999999997 0.5796875 0.3171875 0.56875 0.3203125 0.5578124999999999 0.3390625 0.540625 0.3390625 0.4890625
0 0.79375 0.440625 0.809375 0.434375 0.821875 0.4203125 0.821875 0.346875 0.80625 0.3328125 0.71875 0.340625 0.7140625 0.346875 0.6890625 0.35 0.6875 0.35625 0.6875 0.409375 0.690625 0.43125 0.7 0.446875 0.7171875 0.4484375 0.728125 0.45625 0.7609375 0.446875 0.79375 0.446875 0.79375 0.440625