2 0.3078125 0.28750000000000003 0.303125 0.2296875 0.3078125 0.1859375 0.3 0.1703125 0.29531250000000003 0.12812500000000002 0.28281249999999997 0.153125 0.2921875 0.29531250000000003 0.28281249999999997 0.3234375 0.28125 0.365625 0.284375 0.396875 0.2921875 0.403125 0.30625 0.3796875 0.31875 0.3296875 0.3078125 0.28750000000000003
2 0.5343749999999999 0.4203125 0.540625 0.3796875 0.5328125 0.3640625 0.5171875 0.353125 0.4765625 0.3546875 0.471875 0.3625 0.4625 0.3625 0.4296875 0.4109375 0.425 0.428125 0.421875 0.4640625 0.43125 0.49375 0.4625 0.5125000000000001 0.4828125 0.509375 0.5234375 0.4703125 0.521875 0.4546875 0.540625 0.4265625 0.5343749999999999 0.4203125
2 0.65 0.6265625 0.6359375 0.68125 0.6375 0.7125 0.665625 0.725 0.6734375 0.721875 0.68125 0.7 0.6828125 0.659375 0.6796875 0.6125 0.6734375 0.60625 0.65 0.6265625
2 0.4484375 0.2359375 0.3953125 0.2625 0.38125 0.2625 0.3609375 0.3015625 0.3515625 0.3625 0.35 0.3984375 0.3609375 0.4234375 0.384375 0.316521875 0.428125 0.330575 0.4296875 0.391475 0.4765625 0.3140625 0.4765625 0.2390625 0.4484375 0.2359375
2 0.49375 0.725 0.4328125 0.7 0.4125 0.70625 0.403125 0.6984375 0.3671875 0.7 0.3453125 0.690625 0.2984375 0.6921875 0.2984375 0.7078125 0.325 0.7109375 0.371875 0.75 0.390625 0.734375 0.4328125 0.73125 0.4546875 0.734375 0.478125 0.746875 0.49375 0.725
2 0.7125 0.7703125 0.6265625 0.7625 0.61875 0.771875 0.628125 0.8140625 0.653125 0.815625 0.6953125 0.8375 0.7359375 0.834375 0.7453125 0.825 0.734375 0.7859375 0.7125 0.7703125
2 0.621875 0.196875 0.5921875 0.175 0.540625 0.1609375 0.5203125000000001 0.171875 0.4765625 0.1765625 0.4546875 0.2 0.453125 0.23125 0.459375 0.2359375 0.4828125 0.2359375 0.4984375 0.228125 0.5546875 0.2484375 0.5875 0.246875 0.621875 0.2125 0.621875 0.196875
2 0.8296875 0.46875 0.8296875 0.4390625 0.8234375 0.4359375 0.815625 0.38125 0.8140625 0.3078125 0.8015625 0.3046875 0.7828125 0.26406250000000003 0.7703125 0.2625 0.765625 0.2546875 0.71875 0.2546875 0.703125 0.2625 0.6984375 0.3296875 0.709375 0.3796875 0.7125 0.4609375 0.725 0.471875 0.7375 0.4734375 0.74375 0.49375 0.809375 0.5140625 0.8296875 0.46875
2 0.9265625 0.434375 0.909375 0.43125 0.8875 0.4453125 0.884375 0.4578125 0.890625 0.4875 0.9109375 0.5328125 0.946875 0.5671875000000001 0.959375 0.5640625 0.978125 0.5359375000000001 0.96875 0.49375 0.9265625 0.434375
2 0.2015625 0.5171875 0.2046875 0.5046875000000001 0.2078125 0.415625 0.16875 0.3890625 0.0953125 0.28281249999999997 0.0828125 0.2734375 0.06406250000000001 0.27187500000000003 0.0546875 0.2859375 0.0578125 0.3296875 0.075 0.3953125 0.1140625 0.4875 0.14375000000000002 0.5265624999999999 0.165625 0.5203125000000001 0.1734375 0.5281250000000001 0.1890625 0.5281250000000001 0.2015625 0.5171875
2 0.2171875 0.5859375 0.221875 0.6234375 0.2375 0.63125 0.25156249999999997 0.6265625 0.2609375 0.6015625 0.2609375 0.5515625000000001 0.24375 0.5453125 0.228125 0.5515625000000001 0.2171875 0.5859375