2 0.7546875 0.7359375 0.7703125 0.728125 0.775 0.6921875 0.7671875 0.6609375 0.7515625 0.64375 0.7359375 0.6375 0.61875 0.63125 0.5750000000000001 0.64375 0.55625 0.6609375 0.55625 0.715625 0.5828125000000001 0.74375 0.6203125 0.7265625 0.6328125 0.7265625 0.6828125 0.75 0.728125 0.753125 0.7546875 0.74375 0.7546875 0.7359375
0 0.7984375 0.5234375 0.821875 0.5 0.8265625 0.4859375 0.821875 0.4421875 0.8140625 0.43125 0.759375 0.4359375 0.725 0.4625 0.690625 0.5046875000000001 0.66875 0.5140625 0.6546875 0.5281250000000001 0.6453125 0.55625 0.65625 0.5640625 0.65625 0.571875 0.6796875 0.5734374999999999 0.7046875 0.5625 0.71875 0.5421874999999999 0.7546875 0.540625 0.7984375 0.5234375
2 0.0015625 0.6609375 0 0.9046875 0.009375 0.9046875 0.021875 0.9 0.0328125 0.8484375 0.025 0.8046875 0.021875 0.6953125 0.0125 0.6671875 0.0015625 0.6609375
2 0.18125 0.4421875 0.146875 0.415625 0.1234375 0.4078125 0.1203125 0.4125 0.11875 0.4265625 0.13593750000000002 0.45625 0.14531249999999998 0.459375 0.1515625 0.478125 0.1796875 0.4984375 0.196875 0.496875 0.196875 0.465625 0.18125 0.4421875
2 0.4015625 0.5640625 0.3703125 0.571875 0.3765625 0.5921875 0.3984375 0.596875 0.4546875 0.5984375 0.471875 0.5953125 0.4859375 0.584375 0.4796875 0.56875 0.465625 0.5625 0.4015625 0.5640625
2 0.3484375 0.675 0.2703125 0.6734375 0.2625 0.6796875 0.265625 0.696875 0.27499999999999997 0.70625 0.334375 0.7125 0.3609375 0.709375 0.3703125 0.7 0.36875 0.6859375 0.3484375 0.675
2 0.5640625 0.3328125 0.5453125 0.3328125 0.5343749999999999 0.340625 0.53125 0.3734375 0.5390625 0.3984375 0.5703125 0.4078125 0.5875 0.4078125 0.5953125 0.4015625 0.603125 0.3734375 0.5953125 0.3484375 0.5640625 0.3328125
2 0.103125 0.28060625 0.06874999999999999 0.2712375 0.046875 0.28216875 0.05625 0.3140625 0.05625 0.334375 0.0765625 0.390625 0.090625 0.4078125 0.115625 0.415625 0.1234375 0.403125 0.121875 0.3609375 0.1328125 0.29934531249999996 0.103125 0.28060625
2 0.3453125 0.4359375 0.35 0.4 0.3453125 0.371875 0.33125 0.3609375 0.3296875 0.340625 0.3015625 0.325 0.2890625 0.325 0.27499999999999997 0.3375 0.2625 0.3359375 0.26406250000000003 0.3484375 0.246875 0.353125 0.25 0.3640625 0.2390625 0.3765625 0.240625 0.396875 0.23125 0.4140625 0.23125 0.43125 0.25625000000000003 0.4640625 0.28125 0.4625 0.3140625 0.471875 0.3359375 0.4578125 0.3453125 0.4359375
2 0.3296875 0.2109375 0.3359375 0.196875 0.3453125 0.19375 0.3484375 0.18125 0.34375 0.1578125 0.325 0.15 0.2296875 0.1640625 0.2109375 0.184375 0.203125 0.2078125 0.2078125 0.2125 0.2359375 0.2171875 0.278125 0.2125 0.2859375 0.2203125 0.2890625 0.215625 0.2984375 0.2203125 0.3296875 0.2109375
2 0.13749999999999998 0.921875 0.1328125 0.9265625 0.1421875 0.9359375 0.1671875 0.9390625 0.3296875 0.934375 0.38125 0.90625 0.3640625 0.89375 0.221875 0.8921875 0.13749999999999998 0.921875
2 0.2046875 0.5140625 0.2 0.5328125 0.2140625 0.5640625 0.29062499999999997 0.5750000000000001 0.2984375 0.5703125 0.2984375 0.5499999999999999 0.26718749999999997 0.525 0.2234375 0.509375 0.2046875 0.5140625
0 0.1671875 0.6859375 0.09375 0.6859375 0.0921875 0.696875 0.1140625 0.7203125 0.16875 0.7515625 0.2 0.75 0.2046875 0.7390625 0.2 0.7203125 0.18125 0.6921875 0.1671875 0.6859375
0 0.5656249999999999 0.2734375 0.5671875000000001 0.2859375 0.5796875 0.29062499999999997 0.5953125 0.2734375 0.5953125 0.1984375 0.5875 0.1859375 0.5671875000000001 0.1890625 0.5656249999999999 0.2734375