2 0.5554713819444445 0.2065656574074074 0.5002765763888889 0.20411255555555557 0.49040403935185184 0.2215367962962963 0.4902717638888889 0.23939393981481483 0.5032106782407407 0.24646464583333336 0.522703224537037 0.24570706944444445 0.5405844143518519 0.24325396990740739 0.5536916782407407 0.2275974027777778 0.5602693611111111 0.21652236805555555 0.5554713819444445 0.2065656574074074
2 0.7222462708333333 0.7108946597222222 0.6924963935185184 0.7810245300925927 0.6033890092592593 0.8533880231481482 0.6709153425925926 0.9392086597222222 0.8478235324074075 0.9373277777777778 0.8917233032407408 0.9262875902777779 0.8806684097222223 0.8851984837962964 0.9636732199074074 0.8531615439814815 0.9444686157407408 0.816581962962963 0.9326358819444445 0.8079365069444444 0.9328523310185185 0.7787157268518519 0.9231962476851853 0.7669191898148149 0.8940355949074075 0.7575036064814815 0.8440957199074075 0.7033189050925926 0.762914863425926 0.701334775462963 0.7222462708333333 0.7108946597222222
2 0.1613516134259259 0.5787878796296296 0.06393698842592592 0.5760822523148148 0.06387686342592593 0.5841991342592592 0.07681577777777777 0.5912698425925926 0.12709235185185186 0.6 0.18067580555555554 0.6007575763888888 0.19207551851851853 0.5963924976851851 0.19213564351851853 0.5882756134259259 0.1613516134259259 0.5787878796296296
2 0.17560125000000001 0.6281385277777778 0.1577441064814815 0.6273448773148148 0.13814333796296296 0.6427128425925926 0.13786676388888888 0.6800505046296296 0.15888648379629627 0.6923520925925927 0.17350889814814816 0.6913780648148148 0.18365800694444445 0.6366161597222223 0.17560125000000001 0.6281385277777778
2 0.7640091388888889 0.5536075023148148 0.7119769120370371 0.5626623379629629 0.7149831666666666 0.5952741689814814 0.7230519467592593 0.602128425925926 0.7522005787037037 0.613167386574074 0.7814333796296297 0.6128427129629629 0.786363636574074 0.6049422800925925 0.7670755162037037 0.5781024537037037 0.7640091388888889 0.5536075023148148
2 0.6041125532407408 0.6553030300925926 0.5846320347222222 0.6544372291666667 0.5779100532407407 0.6849927847222221 0.5890692638888889 0.7130952384259259 0.6084776342592593 0.7237012986111111 0.6328162592592592 0.7264069282407407 0.6329966342592592 0.7020562777777778 0.623460798611111 0.674025974537037 0.6041125532407408 0.6553030300925926
2 0.4156806157407407 0.22471140046296298 0.4333213078703704 0.25472583101851853 0.44948292361111114 0.2651875902777778 0.46233766435185186 0.2836219351851852 0.4920743726851852 0.3255413425925926 0.5052937731481482 0.2936506481481481 0.5104131782407407 0.2597760462962963 0.48492436342592593 0.19531067824074075 0.42570947453703706 0.18618326157407405 0.4175805671296296 0.18744588657407407 0.41257816203703707 0.2050865810185185 0.4156806157407407 0.22471140046296298
2 0.5124458865740741 0.5343073587962963 0.5284992777777778 0.5593795092592593 0.5592592592592592 0.5721139953703703 0.5640572384259259 0.5820707083333333 0.5721620972222222 0.5840548333333333 0.6679292916666667 0.5899350648148148 0.6793169791666668 0.5871933634259259 0.6859187106481482 0.5728715717592592 0.6956950439814814 0.5684343425925926 0.6475829722222223 0.4867243865740741 0.6218013472222222 0.45959596064814817 0.498532949074074 0.43950216435185185 0.4821909583333333 0.45339105555555553 0.4870250115740741 0.4584776342592593 0.48047137962962966 0.46630591666666665 0.4803270810185185 0.48578643750000006 0.48820346296296296 0.5186147199074074 0.5124458865740741 0.5343073587962963
2 0.2966570462962963 0.07002164583333334 0.2787999050925926 0.06922799537037037 0.2689033171296296 0.08989899074074074 0.28478835879629627 0.13769841203703703 0.30732323148148144 0.16468253935185187 0.33813131481481484 0.17092352083333331 0.34645262037037033 0.14368686805555556 0.3338504074074074 0.09116161574074075 0.32741702777777776 0.08275613194444445 0.3095719097222222 0.08033910648148147 0.2966570462962963 0.07002164583333334
2 0.04817207870370371 0.6598249629629629 0.0017195763888888888 0.6447691180555556 0.015639849537037037 0.6697464652777777 0.0364181087962963 0.7128916296296296 0.05403541435185185 0.7445289305555556 0.07717652777777778 0.7617965370370371 0.09347041898148148 0.7544011550925925 0.09683742129629629 0.7383116875 0.10170755092592593 0.7385281388888889 0.07542694675925926 0.7048818912037037 0.04817207870370371 0.6598249629629629
0 0.42502405092592593 0.7171717175925926 0.41327561342592595 0.7686147175925926 0.4210557939814815 0.8144300162037038 0.43727753703703703 0.8167748912037036 0.48094035416666664 0.8414502152777777 0.5459114953703703 0.8394660902777779 0.5639610393518518 0.8142857152777778 0.5430856180555556 0.7825036087962963 0.5079846087962964 0.698124099537037 0.45441317824074073 0.6957431458333333 0.43641173611111106 0.7144300138888888 0.42502405092592593 0.7171717175925926
0 0.5450697453703705 0.2954184699074074 0.5531024537037037 0.3071428564814815 0.5545935555555556 0.325072150462963 0.5707551712962963 0.33553390972222225 0.5934583935185186 0.3397907638888889 0.6486531990740741 0.3422438657407407 0.6551587291666666 0.3409090925925926 0.6585978819444444 0.3150793634259259 0.6651274652777778 0.31049783564814815 0.6739177500000001 0.21994949537037037 0.6594276087962962 0.20306637731481483 0.5831289074074074 0.19967532407407407 0.5684223171296297 0.21201298842592595 0.5618085601851852 0.22795815277777778 0.5553150555555556 0.22766955324074073 0.5550625300925925 0.2617604606481481 0.5450697453703705 0.2954184699074074