2 0.2860993888888889 0.7753164560185185 0.2840014074074074 0.7642405069444445 0.2718002800925926 0.7594936712962963 0.20534458333333333 0.7594936712962963 0.15273089583333335 0.7800632916666667 0.14758556018518518 0.8006329120370371 0.15096108796296298 0.8148734166666666 0.18071964351851852 0.8180379745370371 0.2733473981481482 0.7927215185185185 0.2860993888888889 0.7753164560185185
2 0.45424284953703703 0.5901898726851852 0.46878809259259263 0.5870253171296296 0.47965307175925925 0.5727848101851852 0.5569151435185186 0.5427215185185185 0.5711556504629629 0.5427215185185185 0.5709446782407407 0.5284810115740741 0.5870135949074075 0.5094936712962963 0.5950773564814815 0.5079113935185186 0.5963314583333333 0.4620253171296296 0.6063759976851851 0.4398734166666667 0.6037974675925926 0.3844936712962963 0.5923581828703703 0.37183544212962966 0.569233474537037 0.3655063287037037 0.45862634722222223 0.36392405092592595 0.4455110162037037 0.3686708865740741 0.43346225925925924 0.36234177314814814 0.40692686342592593 0.375 0.3541022037037037 0.3813291134259259 0.3326183773148148 0.3908227847222222 0.2681903425925926 0.4683544305555556 0.2460970462962963 0.4841772152777778 0.23176277546296298 0.5015822777777778 0.22880918749999998 0.5158227847222222 0.213197375 0.5300632916666667 0.20695030555555555 0.5949367083333333 0.23691983101851852 0.6123417731481482 0.2494256898148148 0.613924050925926 0.25493436342592596 0.6060126574074074 0.2740740740740741 0.6044303796296296 0.2859118611111111 0.596518988425926 0.3223042662037037 0.596518988425926 0.34047116666666666 0.5886075949074074 0.3702297222222222 0.5917721527777777 0.37701593981481485 0.5870253171296296 0.4000468819444445 0.6107594930555555 0.43327472916666665 0.6107594930555555 0.4514416319444444 0.6028481018518519 0.45424284953703703 0.5901898726851852
2 0.2741795601851852 0.29113924074074077 0.23952179861111111 0.28955696296296296 0.21298640277777778 0.3022151898148148 0.21146272685185186 0.318037974537037 0.23056727777777777 0.34968354398148144 0.24486638657407409 0.3655063287037037 0.26114627314814814 0.3607594930555556 0.2760900138888889 0.3370253171296296 0.2741795601851852 0.29113924074074077
2 0.11828410648148148 0.3655063287037037 0.1109821851851852 0.3591772152777778 0.05632911342592593 0.3844936712962963 0.05486404166666667 0.41613924074074077 0.06186122916666666 0.425632912037037 0.06977262037037037 0.425632912037037 0.10278949768518518 0.4113924050925926 0.11161509722222222 0.40189873379629626 0.11828410648148148 0.3655063287037037
2 0.6203352083333333 0.4920886064814815 0.6433075486111112 0.5 0.6638771689814815 0.5 0.6772972337962962 0.4920886064814815 0.6816807314814816 0.47943037962962964 0.6863455208333333 0.41455696296296296 0.6601500231481482 0.3908227847222222 0.6496249421296296 0.3686708865740741 0.6102203472222222 0.3670886064814815 0.6011720601851851 0.44462025231481483 0.6147679328703703 0.4841772152777778 0.6203352083333333 0.4920886064814815
2 0.10346929166666667 0.9794303796296296 0.10666901157407407 0.9462025324074075 0.08884200694444445 0.9177215185185185 0.05780590740740741 0.9113924050925926 0.04724566203703704 0.9224683541666666 0.04413971064814815 0.9382911388888888 0.053996717592592586 0.9509493680555556 0.05518049768518519 0.971518988425926 0.08703703703703704 0.9857594930555555 0.10346929166666667 0.9794303796296296
0 0.6877871527777778 0.5474683541666666 0.6683778726851851 0.5189873425925926 0.6104430393518518 0.5126582268518519 0.556036099537037 0.5189873425925926 0.5180262546296296 0.5522151898148148 0.5116971388888889 0.5522151898148148 0.502719175925926 0.5632911388888888 0.5084388194444445 0.5696202523148148 0.5060009375000001 0.5949367083333333 0.5123886550925926 0.6107594930555555 0.5211204861111112 0.6186708865740741 0.5432723865740741 0.6186708865740741 0.5591537731481482 0.6344936712962963 0.5755860277777778 0.6281645578703704 0.5939639004629629 0.6344936712962963 0.6046765138888889 0.6218354421296296 0.6687294884259259 0.613924050925926 0.6710736041666666 0.6060126574074074 0.6808720115740741 0.6028481018518519 0.6877871527777778 0.5474683541666666
0 0.4262138402777778 0.5197705694444444 0.4393288680555556 0.5150268981481482 0.47407947685185187 0.4992136064814815 0.48845522685185183 0.5142405069444445 0.4942451944444444 0.4541139236111111 0.4791842476851852 0.44620253240740737 0.45137130787037033 0.4556962013888889 0.45594621296296295 0.473912974537037 0.4203938101851852 0.4651898726851852 0.41885209953703706 0.4976313287037037 0.39805438425925926 0.5 0.39883966435185186 0.5411392407407407 0.4262138402777778 0.5197705694444444
0 0.03459915509259259 0.8401898726851852 0.036087671296296295 0.8575949375 0.0629864050925926 0.8575949375 0.08130567129629629 0.8481012662037037 0.08568917129629629 0.835443037037037 0.07379278009259259 0.8275316458333334 0.053070793981481484 0.8291139236111111 0.03459915509259259 0.8401898726851852
2 0.5352590717592592 0.27467088657407407 0.628825386574074 0.28890189814814815 0.7173071018518519 0.33950316435185185 0.7664146736111112 0.3840981018518519 0.755162599537037 0.30787816435185184 0.526103011574074 0.23830221527777778 0.30841726388888885 0.24778955787037038 0.2178301111111111 0.26834651851851854 0.15347315972222222 0.27941455787037034 0.14869314351851853 0.3126218356481481 0.16147055787037037 0.3442468356481481 0.2072042662037037 0.3458291134259259 0.18697240972222223 0.3094588611111111 0.2447885138888889 0.2841582268518519 0.3066495902777778 0.2825775324074074 0.39866680555555556 0.2636012662037037 0.5352590717592592 0.27467088657407407
2 0.4550984537037037 0.778481011574074 0.47658228009259257 0.7689873425925926 0.4888771689814815 0.7563291134259259 0.4788677916666667 0.7452531643518518 0.444362400462963 0.7420886064814814 0.39026019675925927 0.7452531643518518 0.35453586574074075 0.7547468356481482 0.3484177222222222 0.7689873425925926 0.35285982175925923 0.7721518981481481 0.3902250347222222 0.778481011574074 0.4550984537037037 0.778481011574074