2 0.2035806550925926 0.3154915717592593 0.22456010879629631 0.3677248680555556 0.2235757361111111 0.3810139050925926 0.2023501898148148 0.42155777083333335 0.2301587314814815 0.4486895532407407 0.2882982662037037 0.4465362384259259 0.30804725 0.42592592592592593 0.32478159027777775 0.3789221111111111 0.32736556944444445 0.25458348842592593 0.32195152083333334 0.2382182847222222 0.3049095601851852 0.22228374537037038 0.2723022013888889 0.2152085625 0.23372708333333334 0.2216069884259259 0.2241909675925926 0.23852590046296296 0.21588531944444445 0.23883351851851853 0.20382675 0.2674418611111111 0.2035806550925926 0.3154915717592593
0 0.4046388587962963 0.28485295833333335 0.3910422037037037 0.3118616967592593 0.39085763425925923 0.33671711574074076 0.3991632824074074 0.3364094976851852 0.40660760416666664 0.34772978935185184 0.4372462175925926 0.3366555925925926 0.453303800925926 0.3211517175925926 0.4649932314814815 0.29752676388888893 0.5125507546296296 0.2593207847222222 0.5434969861111111 0.22173003472222222 0.5527870069444445 0.16340593055555555 0.5417743333333334 0.15553094675925927 0.4956318449074074 0.15227021064814816 0.4803125393518518 0.15780730787037037 0.4535498958333334 0.18364710185185185 0.43183216435185184 0.2308354861111111 0.427340962962963 0.26910298842592595 0.4046388587962963 0.28485295833333335
2 0.4314015 0.840470037037037 0.4507813472222222 0.8695705671296297 0.470222712962963 0.8754768055555556 0.4728066921296296 0.885320537037037 0.5030146435185185 0.9024240185185185 0.5180878564814815 0.9002091782407406 0.523317337962963 0.896702349537037 0.5168573888888889 0.8720930231481482 0.49132521296296294 0.8365940694444445 0.4676387361111111 0.8209056250000001 0.43441614351851854 0.8221360902777778 0.4314015 0.840470037037037
2 0.3641565162037037 0.5182724236111111 0.3514211898148148 0.5336532546296296 0.34674541666666664 0.5520487268518518 0.34397686805555555 0.6117878680555555 0.34723760416666666 0.6348591134259259 0.368340099537037 0.6407038287037038 0.3791066805555556 0.6071736180555556 0.38581272222222224 0.5390057824074074 0.38027562499999995 0.5243017106481481 0.3641565162037037 0.5182724236111111
2 0.22142241898148146 0.6560846550925925 0.21600836805555554 0.6844469050925925 0.2179771134259259 0.7473237361111111 0.22720560879629628 0.756921375 0.24523194212962965 0.7595668773148148 0.25249169444444447 0.7510151342592593 0.25698289583333334 0.6680201782407408 0.24695459490740743 0.6468561574074074 0.23212747685185187 0.6457487407407407 0.22142241898148146 0.6560846550925925
2 0.5671219375000001 0.3947951273148148 0.5598621898148148 0.40334686805555553 0.5585086759259259 0.42161929398148146 0.5660145185185185 0.45447274537037036 0.5919773587962963 0.4617940185185185 0.6271071736111111 0.4571797708333334 0.6362741481481481 0.4452442453703704 0.6377507060185186 0.42531069212962963 0.6236003449074075 0.39270333333333335 0.5976375046296296 0.3853820578703704 0.5671219375000001 0.3947951273148148
2 0.528300724537037 0.8965177800925926 0.5143964560185185 0.9053156134259259 0.5207333587962962 0.9315860717592592 0.5378983634259259 0.9458594814814815 0.5960994212962963 0.9652393263888889 0.6176941064814815 0.9644395231481482 0.6508628032407408 0.9731504861111111 0.6642067175925925 0.9494642546296297 0.6569536111111112 0.9132882986111112 0.6393695694444445 0.8824646851851852 0.5730281782407407 0.8965177800925926 0.528300724537037 0.8965177800925926
2 0.47760551157407405 0.7310815810185185 0.4739756365740741 0.7577211782407408 0.5068906111111111 0.7830072592592593 0.525163037037037 0.7823305023148147 0.5441737407407408 0.7716869675925926 0.5656453796296296 0.7725482962962963 0.5797957430555555 0.7604282013888889 0.5911775578703703 0.7633197962962962 0.5975144583333333 0.7448628032407407 0.6106804467592594 0.7460317476851851 0.6100036898148148 0.7328042337962963 0.6244001481481481 0.7173618796296296 0.6253845208333333 0.7040728425925926 0.6109880625 0.6747877453703703 0.5895164282407408 0.6739264189814814 0.5789959398148148 0.6594069143518518 0.5494647453703704 0.6555309467592593 0.5108896273148148 0.6619293703703704 0.48689553240740735 0.672757474537037 0.47022271527777776 0.696567 0.47760551157407405 0.7310815810185185
2 0.7354497337962963 0.7165620763888889 0.7431401504629629 0.7245601087962963 0.7348345023148148 0.769595175925926 0.7376030509259259 0.7993109398148148 0.742217300925926 0.8041097592592592 0.7677494768518519 0.7948812615740741 0.7908207199074074 0.7741479027777778 0.8132767314814815 0.6722652893518519 0.8064476435185185 0.6526393495370371 0.7818998402777778 0.6485788101851852 0.7683647106481482 0.6523932569444445 0.7643041712962962 0.6624830810185186 0.7488618171296296 0.6696813101851852 0.7364341087962963 0.7032730393518519 0.7406792175925927 0.7130552476851852 0.7354497337962963 0.7165620763888889
2 0 0.8494614560185185 0.016119108796296296 0.8111234166666668 0.025655224537037037 0.6600221481481482 0.013719699074074075 0.6422419097222223 0 0.664834673611111 0 0.8494614560185185
2 0.38593577083333336 0.7162544606481481 0.36434108564814816 0.7170542638888889 0.35874246296296297 0.7255444814814815 0.36434108564814816 0.8065091666666667 0.3964562569444445 0.8202288680555555 0.41675895138888885 0.8145071990740741 0.42321890046296295 0.7943890740740741 0.41005291203703703 0.7484926782407407 0.38593577083333336 0.7162544606481481
0 0.17755629398148148 0.8233665555555555 0.16555924537037037 0.8287806087962963 0.16143718287037037 0.8620647222222223 0.1903531435185185 0.9189737916666666 0.2135474328703704 0.9413067569444444 0.22529838657407406 0.9392149629629629 0.2310815787037037 0.8611418726851852 0.22554448148148148 0.8464377986111111 0.19712070833333334 0.8276116666666666 0.17755629398148148 0.8233665555555555
0 0.7830687824074074 0.38679709490740743 0.7033345625 0.3897502152777778 0.6838316736111111 0.4070382662037037 0.6878306875 0.42014273379629635 0.7009966782407407 0.42131167824074073 0.7908207222222222 0.4163282893518519 0.795742587962963 0.39461055787037036 0.7830687824074074 0.38679709490740743