2 0.5328125 0.4265625 0.5036453125 0.4328125 0.4578125 0.4265625 0.4453125 0.453125 0.4453125 0.4703125 0.459375 0.5031249999999999 0.490625 0.5171875 0.5328125 0.5078125 0.5343749999999999 0.48125 0.540625 0.475 0.53125 0.4625 0.5328125 0.4265625
2 0.2234375 0.6375 0.209375 0.653125 0.2078125 0.6671875 0.2359375 0.675 0.26875 0.6734375 0.2921875 0.6578125 0.29062499999999997 0.64375 0.27499999999999997 0.6296875 0.2421875 0.6296875 0.2234375 0.6375
2 0.1046875 0.809375 0.121875 0.8109375 0.1265625 0.775 0.1421875 0.775 0.1546875 0.7625 0.1515625 0.75625 0.171875 0.746875 0.1703125 0.73125 0.1609375 0.7234375 0.12812500000000002 0.7171875 0.0984375 0.6921875 0.06874999999999999 0.6890625 0.059375 0.7 0.0625 0.7125 0.05 0.7265625 0.04375 0.7234375 0.028125 0.7375 0.0125 0.721875 0.0125 0.734375 0.0046875 0.7375 0 0.7921875 0.028125 0.7875 0.035937500000000004 0.7921875 0.035937500000000004 0.803125 0.06406250000000001 0.809375 0.0671875 0.8171875 0.0796875 0.821875 0.1046875 0.809375
2 0.4109375 0.79375 0.4359375 0.778125 0.4359375 0.7609375 0.428125 0.7546875 0.3953125 0.759375 0.3953125 0.79375 0.4109375 0.79375
2 0.121875 0.359375 0.1203125 0.3953125 0.13749999999999998 0.4078125 0.165625 0.4171875 0.1921875 0.3921875 0.1921875 0.3609375 0.171875 0.3453125 0.13749999999999998 0.34375 0.121875 0.359375
2 0.3265625 0.628125 0.3578125 0.634375 0.3921875 0.6265625 0.3921875 0.6 0.3796875 0.5875 0.340625 0.5828125000000001 0.3234375 0.5953125 0.3265625 0.628125
2 0.25156249999999997 0.453125 0.26718749999999997 0.44375 0.27187500000000003 0.4265625 0.25937499999999997 0.4078125 0.2234375 0.4046875 0.228125 0.4515625 0.25156249999999997 0.453125
2 0.0609375 0.453125 0.0796875 0.428125 0.08125 0.4015625 0.059375 0.4 0.0421875 0.41875 0.0375 0.465625 0.0609375 0.453125
2 0.075 0.4921875 0.0734375 0.5046875000000001 0.075 0.5437500000000001 0.1109375 0.5390625 0.1203125 0.5187499999999999 0.1234375 0.4859375 0.11875 0.46875 0.103125 0.4671875 0.0890625 0.475 0.075 0.4921875
2 0.321875 0.7703125 0.2546875 0.775 0.2390625 0.790625 0.240625 0.80625 0.2546875 0.821875 0.3015625 0.828125 0.3296875 0.8171875 0.3375 0.7953125 0.3328125 0.775 0.321875 0.7703125
2 0.1859375 0.20625 0.18125 0.215625 0.1921875 0.24375 0.2046875 0.253125 0.2484375 0.25937499999999997 0.2484375 0.24375 0.2390625 0.2328125 0.2078125 0.2109375 0.1859375 0.20625
0 0.8296875 0.4265625 0.8390625 0.3453125 0.8375 0.3328125 0.8234375 0.315625 0.6921875 0.3140625 0.634375 0.3234375 0.5828125000000001 0.321875 0.5734374999999999 0.3265625 0.5656249999999999 0.34375 0.5671875000000001 0.409375 0.5906250000000001 0.421875 0.6265625 0.4234375 0.6375 0.43125 0.6640625 0.434375 0.8078125 0.43125 0.8234375 0.4359375 0.8296875 0.4265625
2 0.43125 0.2625 0.4265625 0.2203125 0.4046875 0.2203125 0.39375 0.209375 0.396875 0.203125 0.3921875 0.203125 0.3875 0.2203125 0.3515625 0.21875 0.3484375 0.2015625 0.3265625 0.1890625 0.3171875 0.1734375 0.3125 0.1875 0.25156249999999997 0.184375 0.2234375 0.1890625 0.2125 0.175 0.1921875 0.171875 0.1609375 0.1484375 0.14531249999999998 0.1421875 0.12812500000000002 0.146875 0.0984375 0.134375 0.0953125 0.14531249999999998 0.15625 0.1890625 0.2015625 0.209375 0.2203125 0.2359375 0.2546875 0.25156249999999997 0.36875 0.27499999999999997 0.4125 0.27499999999999997 0.43125 0.2625
2 0.55625 0.9203125 0.540625 0.9203125 0.540625 0.9109375 0.5046875000000001 0.9 0.490625 0.90625 0.4734375 0.8921875 0.33125 0.8890625 0.29062499999999997 0.8796875 0.2390625 0.884375 0.2203125 0.8875 0.221875 0.9015625 0.2703125 0.91875 0.509375 0.95625 0.5546875 0.9484375 0.5671875000000001 0.9375 0.571875 0.940625 0.55625 0.9203125
2 0.4734375 0.7734375 0.465625 0.775 0.4625 0.7859375 0.4625 0.825 0.48125 0.84375 0.5499999999999999 0.846875 0.584375 0.8375 0.5875 0.7953125 0.5640625 0.7765625 0.5484375 0.771875 0.4734375 0.7734375