2 0.35674645833333335 0.5162796226851851 0.3527569375 0.5243420277777778 0.31645825925925924 0.5342503287037037 0.2817077523148148 0.5280814560185185 0.24850541898148149 0.5058354189814815 0.2158270810185185 0.4948314861111111 0.21644634953703704 0.48840061805555557 0.20404906481481483 0.4836727407407408 0.18837680092592593 0.4629034166666667 0.18915088657407408 0.45486483101851855 0.16377277546296296 0.4181017037037037 0.15765154398148148 0.41493390509259265 0.12441347916666666 0.4264261041666667 0.11767297685185187 0.4296891736111111 0.1154102662037037 0.46987019212962966 0.1294033587962963 0.5581279027777778 0.1537572939814815 0.6222103148148148 0.17944503935185185 0.6557580092592593 0.28730499074074073 0.7368941296296296 0.32459211574074076 0.733404787037037 0.3530070254629629 0.7219483148148148 0.35341193287037037 0.7010599027777779 0.3693700138888889 0.6688102893518518 0.36189115046296294 0.6463737060185186 0.37318089814814814 0.6125521018518518 0.37449088888888893 0.5322138865740741 0.35674645833333335 0.5162796226851851
2 0.24440871759259258 0.831999525462963 0.22594974537037038 0.8401691064814815 0.21336191435185187 0.8707871875000001 0.2166368935185185 0.8868286273148148 0.22727164583333334 0.8931761342592592 0.32633083333333335 0.8988686458333334 0.3878885324074074 0.893592949074074 0.4111706550925926 0.885387636574074 0.41080147685185187 0.8725378101851852 0.39964273148148144 0.8549481967592593 0.3914493263888889 0.8566154583333334 0.37324044444444443 0.8455043449074074 0.3574729074074074 0.8424080023148148 0.34414671990740736 0.8473264259259259 0.34155055324074074 0.840919375 0.24440871759259258 0.831999525462963
2 0.03146361805555556 0.7243301180555556 0.03183279861111111 0.7371799467592594 0.0481243287037037 0.751518400462963 0.10061926851851852 0.7736215300925926 0.13246397453703704 0.7765987847222222 0.1483267824074074 0.7620221504629631 0.13311897222222221 0.7364296782407408 0.03146361805555556 0.7243301180555556
2 0.7402286527777777 0.8717041805555555 0.7365844953703703 0.8428129074074073 0.728021912037037 0.8316303449074075 0.6987733726851851 0.8350601412037036 0.6856615439814815 0.8544361087962963 0.6870787199074074 0.8897701550925925 0.7054424212962963 0.899273550925926 0.7215195902777778 0.8991544606481482 0.7319399791666668 0.8910444189814816 0.7402286527777777 0.8717041805555555
2 0.28351933796296297 0 0.2739907106481481 0.007609861111111111 0.24902941666666667 0.08330356018518519 0.2362748587962963 0.19907109722222224 0.22715255324074074 0.21038466203703704 0.21786352083333332 0.3068476828703704 0.19292604398148147 0.43234488657407405 0.19641538657407406 0.4628438726851852 0.2157675347222222 0.47876622685185183 0.21876860879629628 0.4642848634259259 0.22949863194444445 0.4529593912037037 0.24372990277777778 0.3885911620370371 0.25991425462962964 0.2872573541666667 0.26753602546296296 0.17474097916666664 0.27857568055555554 0.16020007175925924 0.2861259976851852 0.11516017824074075 0.29618911574074075 0.010658569444444444 0.28783510416666663 0 0.28351933796296297 0
2 0.6650708587962962 0.4176015231481482 0.6926759560185185 0.4479218773148148 0.7069905925925926 0.4494224143518519 0.778385136574074 0.4087293078703703 0.8068357731481481 0.3635345949074074 0.8264141944444445 0.3103727523148148 0.8029772546296295 0.3201857824074074 0.7610217939814815 0.32210313194444445 0.7552340115740741 0.36552340046296294 0.7356913194444444 0.38494700462962966 0.6995474583333333 0.39324758796296294 0.6795164930555556 0.3676908425925926 0.6570084537037038 0.3678575694444444 0.6650708587962962 0.4176015231481482
2 0.37216849305555555 0 0.3696439212962963 0.048672143518518514 0.3818863888888889 0.05500774074074074 0.40148862731481477 0.051649398148148146 0.412683099537037 0.03550077314814815 0.4183756111111111 0.009753483796296295 0.41699013194444445 0 0.37216849305555555 0
2 0.36031916203703707 0.612647375 0.3642134097222222 0.6222579490740741 0.39476003472222226 0.622031675925926 0.4156960810185185 0.5881386203703703 0.4200905092592592 0.5591878055555556 0.440407287037037 0.5317256157407407 0.4505180416666667 0.5268310092592592 0.4710015462962963 0.41421936342592597 0.45347147916666664 0.4127426458333333 0.43315469907407406 0.4402048333333333 0.37545551851851855 0.4888293425925926 0.3644158634259259 0.5033702523148148 0.36031916203703707 0.612647375
2 0.8418720972222222 0.31668453009259256 0.8332142430555556 0.3231749421296296 0.8220793148148148 0.3553888287037037 0.8190425162037037 0.40360843055555556 0.8425985462962963 0.42592592592592593 0.8591401689814815 0.42098368518518514 0.8660712152777778 0.38237465740740745 0.8632964143518519 0.32777182407407407 0.8418720972222222 0.31668453009259256
0 0.4623913310185185 0.5203167777777777 0.4649517685185185 0.5604620694444444 0.44356317824074076 0.7325235208333333 0.45354293287037034 0.7790401319444444 0.48217220370370373 0.7820412060185185 0.5004763611111112 0.775479337962963 0.5070977731481482 0.7400857453703703 0.5291175416666667 0.4780516851851852 0.5193878773148148 0.41225437499999995 0.4994164583333333 0.40276289120370373 0.49091342129629634 0.40764558796296296 0.47909967824074073 0.43022508101851853 0.4683339282407407 0.4752887939814815 0.4623913310185185 0.5203167777777777
0 0.7079314050925926 0.7900083356481481 0.6473026087962963 0.7856377268518518 0.5677503888888888 0.7942598541666667 0.44618316203703706 0.7887340717592592 0.425806837962963 0.8001309999999999 0.4230558541666667 0.7953316666666667 0.40635941203703707 0.801881625 0.3811003935185185 0.7972490185185186 0.3269620092592593 0.8088960347222222 0.3261879236111111 0.8169346203703703 0.31462427083333333 0.8202334166666667 0.32095986805555554 0.8378587592592593 0.33143980092592595 0.8458139814814815 0.3837203773148148 0.8534595694444443 0.6062045972222222 0.8453852569444444 0.6160057175925926 0.8437060856481481 0.6182327013888889 0.8372633078703703 0.6961772060185185 0.8286530925925926 0.7001667268518519 0.8205906875000001 0.7332499699074074 0.8107062037037037 0.7264499236111112 0.7979040138888889 0.7135881875000001 0.7979992847222221 0.7079314050925926 0.7900083356481481