2 0.3203125 0.775 0.3296875 0.75625 0.33125 0.7265625 0.3453125 0.703125 0.35 0.64375 0.3453125 0.5515625000000001 0.325 0.5546875 0.325 0.5640625 0.3078125 0.5906250000000001 0.30625 0.621875 0.3109375 0.6296875 0.3046875 0.653125 0.3046875 0.715625 0.2609375 0.7859375 0.265625 0.803125 0.3359375 0.7984375 0.3203125 0.775
2 0.6828125 0.5953125 0.68125 0.5828125000000001 0.6484375 0.5734374999999999 0.6328125 0.5750000000000001 0.6 0.6375 0.5984375 0.665625 0.60625 0.6796875 0.61875 0.678125 0.6390625 0.65625 0.6578125 0.653125 0.671875 0.628125 0.675 0.60625 0.6828125 0.5953125
2 0.7359375 0.7 0.7453125 0.678125 0.7453125 0.6265625 0.7234375 0.603125 0.7078125 0.61875 0.7109375 0.68125 0.7359375 0.7
2 0.5515625000000001 0.5390625 0.5375 0.5546875 0.521875 0.5484375 0.509375 0.5515625000000001 0.4890625 0.584375 0.4890625 0.61875 0.5046875000000001 0.6453125 0.5171875 0.653125 0.5484375 0.6453125 0.5453125 0.6390625 0.5656249999999999 0.571875 0.5593750000000001 0.5390625 0.5515625000000001 0.5390625
2 0.771875 0.4703125 0.778125 0.484375 0.7703125 0.5015625 0.80625 0.5484375 0.821875 0.553125 0.8265625 0.5437500000000001 0.825 0.4859375 0.809375 0.4015625 0.7671875 0.340625 0.74375 0.325 0.7265625 0.33125 0.7390625 0.4078125 0.7546875 0.43125 0.7609375 0.43125 0.7609375 0.4390625 0.7703125 0.44375 0.76875 0.45625 0.775 0.459375 0.771875 0.4703125
2 0.446875 0.828125 0.453125 0.79375 0.446875 0.778125 0.4390625 0.7703125 0.41875 0.771875 0.4046875 0.7890625 0.403125 0.8078125 0.4109375 0.81875 0.409375 0.8875 0.428125 0.8984375 0.4515625 0.9 0.4578125 0.8796875 0.45625 0.84375 0.446875 0.828125
2 0.1671875 0.821875 0.159375 0.8125 0.10546875 0.78671875 0.0828125 0.759375 0.0609375 0.75 0.0609375 0.7671875 0.07187500000000001 0.778125 0.0671875 0.821875 0.0859375 0.8328125 0.0859375 0.8390625 0.10625 0.8390625 0.13593750000000002 0.8265625 0.1671875 0.821875
2 0.76875 0.6375 0.7625 0.6484375 0.765625 0.74375 0.775 0.7515625 0.8015625 0.75 0.8140625 0.74375 0.8125 0.6609375 0.7984375 0.6390625 0.76875 0.6375
2 0.60625 0.3140625 0.5921875 0.3296875 0.6015625 0.3921875 0.628125 0.3984375 0.6375 0.4078125 0.659375 0.4078125 0.6671875 0.35625 0.6578125 0.328125 0.6296875 0.3140625 0.60625 0.3140625
0 0.85625 0.3125 0.846875 0.26718749999999997 0.8015625 0.2359375 0.759375 0.225 0.69375 0.228125 0.684375 0.21875 0.6203125 0.228125 0.6015625 0.2375 0.5437500000000001 0.2421875 0.5421874999999999 0.25625000000000003 0.5515625000000001 0.26718749999999997 0.675 0.3140625 0.715625 0.3078125 0.775 0.31875 0.79375 0.3140625 0.821875 0.325 0.85625 0.3125
2 0.5125000000000001 0.525 0.509375 0.4484375 0.4875 0.3671875 0.4875 0.3484375 0.4546875 0.3234375 0.4453125 0.3234375 0.4390625 0.3109375 0.421875 0.3171875 0.409375 0.3015625 0.4078125 0.284375 0.3953125 0.28750000000000003 0.378125 0.27499999999999997 0.3640625 0.278125 0.3734375 0.29062499999999997 0.421875 0.375859375 0.41875 0.43988124999999995 0.4546875 0.46954999999999997 0.465625 0.5328125 0.5078125 0.5343749999999999 0.5125000000000001 0.525