2 0.2765625 0.75 0.2265625 0.7703125 0.2234375 0.790625 0.228125 0.8046875 0.2578125 0.8078125 0.346875 0.7828125 0.3578125 0.765625 0.3546875 0.7546875 0.3421875 0.75 0.2765625 0.75
2 0.39375 0.5812499999999999 0.4234375 0.584375 0.4296875 0.5796875 0.4546875 0.603125 0.4875 0.603125 0.5046875000000001 0.5953125 0.50625 0.5828125000000001 0.5203125000000001 0.5796875 0.5296875 0.5656249999999999 0.603125 0.5359375000000001 0.6171875 0.5359375000000001 0.615625 0.521875 0.6296875 0.5031249999999999 0.6375 0.5015625 0.634375 0.45625 0.6421875 0.434375 0.634375 0.3796875 0.621875 0.3671875 0.5984375 0.3609375 0.4890625 0.359375 0.4765625 0.3640625 0.4640625 0.3578125 0.4390625 0.3703125 0.3875 0.3765625 0.3671875 0.3859375 0.3109375 0.4625 0.29062499999999997 0.478125 0.278125 0.4953125 0.2765625 0.509375 0.2625 0.5234375 0.2625 0.5875 0.29375 0.6046875 0.30625 0.60625 0.3109375 0.5984375 0.3296875 0.596875 0.340625 0.5890624999999999 0.3765625 0.5890624999999999 0.39375 0.5812499999999999
2 0.240625 0.2984375 0.240625 0.3140625 0.2625 0.3453125 0.278125 0.3609375 0.29375 0.35625 0.30625 0.3328125 0.3 0.28750000000000003 0.265625 0.2859375 0.240625 0.2984375
2 0.09375 0.3796875 0.0953125 0.4109375 0.103125 0.4203125 0.1109375 0.4203125 0.1421875 0.40625 0.15 0.396875 0.153125 0.3609375 0.14531249999999998 0.3546875 0.09375 0.3796875
2 0.71875 0.409375 0.690625 0.3859375 0.678125 0.3640625 0.6390625 0.3625 0.6375 0.4390625 0.6546875 0.478125 0.6609375 0.4859375 0.684375 0.49375 0.7046875 0.49375 0.7171875 0.4859375 0.7203125 0.4734375 0.71875 0.409375
2 0.14531249999999998 0.9 0.13593750000000002 0.9109375 0.134375 0.9265625 0.14531249999999998 0.9390625 0.1484375 0.959375 0.18125 0.9734375 0.196875 0.9671875 0.196875 0.934375 0.1765625 0.90625 0.14531249999999998 0.9
0 0.6296875 0.6203125 0.6484375 0.6265625 0.6578125 0.6140625 0.7203125 0.60625 0.721875 0.5984375 0.73125 0.5953125 0.7328125 0.540625 0.7109375 0.5125000000000001 0.653125 0.50625 0.6 0.5125000000000001 0.5656249999999999 0.5453125 0.5593750000000001 0.5453125 0.5515625000000001 0.55625 0.5578124999999999 0.5625 0.5578124999999999 0.5875 0.5656249999999999 0.603125 0.5750000000000001 0.6109375 0.596875 0.6109375 0.6140625 0.6265625 0.6296875 0.6203125
0 0.490625 0.45 0.496875 0.4679890625 0.4609375 0.459375 0.4625 0.4914109375 0.4421875 0.49375 0.446875 0.5343749999999999 0.471875 0.5132734375 0.484375 0.5085890625 0.5171875 0.4929734375 0.5328125 0.5078125 0.5328125 0.4484375 0.5171875 0.440625 0.490625 0.45
0 0.11875 0.846875 0.14531249999999998 0.846875 0.1625 0.8375 0.165625 0.825 0.153125 0.8171875 0.1328125 0.81875 0.115625 0.8296875 0.11875 0.846875
2 0.19375 0.33994375000000004 0.2390625 0.34150625 0.215625 0.305590625 0.2703125 0.28060625 0.33125 0.2790453125 0.4203125 0.26030624999999996 0.55625 0.2712375 0.65 0.28529062499999996 0.7421875 0.335259375 0.794921875 0.379296875 0.7765625 0.3040296875 0.5437500000000001 0.23532343749999998 0.3296875 0.2446921875 0.2421875 0.2649921875 0.1796875 0.275921875 0.178125 0.3087140625 0.19375 0.33994375000000004
2 0.5109374999999999 0.7328125 0.4578125 0.7359375 0.4234375 0.7453125 0.41875 0.759375 0.4234375 0.7625 0.4609375 0.76875 0.525 0.76875 0.5453125 0.759375 0.55625 0.746875 0.5453125 0.7359375 0.5109374999999999 0.7328125