2 0.4234375 0.725 0.421875 0.7046875 0.434375 0.6734375 0.425 0.6515625 0.4328125 0.61875 0.4265625 0.540625 0.4078125 0.525 0.4046875 0.5328125 0.3703125 0.5421874999999999 0.3359375 0.5359375000000001 0.3015625 0.5140625 0.26875 0.5031249999999999 0.26875 0.496875 0.25625000000000003 0.4921875 0.2390625 0.471875 0.2390625 0.4640625 0.2109375 0.428125 0.2046875 0.425 0.1734375 0.4359375 0.1671875 0.4390625 0.16875 0.478125 0.190625 0.5640625 0.2203125 0.6265625 0.2484375 0.659375 0.3609375 0.7390625 0.396875 0.7359375 0.4234375 0.725
2 0.48125 0.8546875 0.4734375 0.85625 0.4546875 0.8453125 0.4390625 0.8421875 0.4265625 0.846875 0.4234375 0.840625 0.328125 0.83125 0.3109375 0.8390625 0.3015625 0.86875 0.30625 0.884375 0.3171875 0.890625 0.4140625 0.896875 0.4734375 0.8921875 0.4953125 0.884375 0.49375 0.871875 0.48125 0.8546875
2 0.1125 0.7375 0.12968749999999998 0.7515625 0.1828125 0.7734375 0.2140625 0.7765625 0.228125 0.7625 0.2109375 0.7375 0.1109375 0.725 0.1125 0.7375
2 0.0140625 0.8984375 0.046875 0.9234375 0.059375 0.925 0.078125 0.9171875 0.06406250000000001 0.8984375 0.035937500000000004 0.8859375 0.015625 0.8859375 0.0140625 0.8984375
2 0.7703125 0.8375 0.759375 0.85625 0.7640625 0.890625 0.7828125 0.9 0.7984375 0.9 0.8078125 0.8921875 0.8140625 0.8734375 0.8078125 0.8453125 0.7984375 0.834375 0.7703125 0.8375
2 0.2921875 0.3015625 0.2890625 0.1921875 0.2984375 0.178125 0.3015625 0.134375 0.3015625 0.0328125 0.29062499999999997 0.0203125 0.27968750000000003 0.0296875 0.2625 0.103125 0.2609375 0.215625 0.253125 0.2265625 0.253125 0.3203125 0.240625 0.4421875 0.246875 0.471875 0.26718749999999997 0.4875 0.26875 0.4734375 0.278125 0.4625 0.2859375 0.4 0.2921875 0.3015625
2 0.7828125 0.3390625 0.78125 0.38125 0.7640625 0.4 0.7296875 0.4078125 0.7078125 0.3828125 0.6859375 0.3828125 0.6984375 0.43125 0.728125 0.4609375 0.7421875 0.4625 0.8078125 0.4234375 0.83125 0.3796875 0.8453125 0.328125 0.8234375 0.3375 0.7828125 0.3390625
2 0.3734375 0 0.3765625 0.0703125 0.3890625 0.0765625 0.4078125 0.0734375 0.4171875 0.0578125 0.4203125 0.0328125 0.4125 0 0.3734375 0
2 0.5 0.5359375000000001 0.509375 0.4265625 0.4921875 0.425 0.475 0.4515625 0.4234375 0.4984375 0.4140625 0.5125000000000001 0.4203125 0.61875 0.425 0.628125 0.4546875 0.628125 0.471875 0.5953125 0.4734375 0.5671875000000001 0.490625 0.540625 0.5 0.5359375000000001
2 0.8453125 0.371875 0.846875 0.41875 0.871875 0.440625 0.8875 0.4359375 0.890625 0.3984375 0.8828125 0.3453125 0.8609375 0.334375 0.853125 0.340625 0.8453125 0.371875
0 0.571875 0.4890625 0.55625 0.425 0.5359375000000001 0.415625 0.5281250000000001 0.4203125 0.5187499999999999 0.4421875 0.5125000000000001 0.4859375 0.5109374999999999 0.5296875 0.5171875 0.56875 0.5125000000000001 0.7359375 0.5265624999999999 0.78125 0.5546875 0.784375 0.571875 0.778125 0.5750000000000001 0.74375 0.571875 0.4890625
0 0.6921875 0.8390625 0.7671875 0.83125 0.7703125 0.8234375 0.8015625 0.8140625 0.79375 0.8015625 0.78125 0.8015625 0.775 0.79375 0.715625 0.7890625 0.6390625 0.796875 0.5203125000000001 0.790625 0.5015625 0.8015625 0.4984375 0.796875 0.4828125 0.803125 0.4578125 0.7984375 0.40625 0.809375 0.40625 0.8171875 0.3953125 0.8203125 0.403125 0.8375 0.4140625 0.8453125 0.465625 0.853125 0.68125 0.846875 0.690625 0.8453125 0.6921875 0.8390625