0 0.334375 0.3515625 0.3078125 0.3296875 0.309375 0.3234375 0.29062499999999997 0.2921875 0.27499999999999997 0.2859375 0.25625000000000003 0.29062499999999997 0.2484375 0.3 0.2453125 0.3359375 0.2578125 0.4 0.25937499999999997 0.45625 0.284375 0.4859375 0.30625 0.4875 0.3421875 0.4078125 0.34375 0.371875 0.334375 0.3515625
0 0.5906250000000001 0.728125 0.596875 0.7328125 0.6 0.753125 0.5906250000000001 0.765625 0.5875 0.79375 0.60625 0.8203125 0.6234375 0.821875 0.634375 0.8125 0.6453125 0.8140625 0.646875 0.803125 0.6578125 0.803125 0.659375 0.7921875 0.6734375 0.7890625 0.6734375 0.7796875 0.6875 0.7640625 0.7046875 0.7546875 0.6890625 0.746875 0.6828125 0.640625 0.68125 0.6265625 0.6734375 0.61875 0.6734375 0.5984375 0.6578125 0.5953125 0.6875 0.5203125000000001 0.6921875 0.5140625 0.7046875 0.5140625 0.725 0.4890625 0.728125 0.4109375 0.7203125 0.4015625 0.696875 0.403125 0.6734375 0.4109375 0.671875 0.41875 0.6546875 0.4296875 0.5703125 0.4140625 0.5593750000000001 0.4078125 0.5593750000000001 0.4 0.553125 0.403125 0.5515625000000001 0.45625 0.5640625 0.475 0.56875 0.5015625 0.5796875 0.5203125000000001 0.584375 0.5609375 0.5812499999999999 0.5828125000000001 0.5875 0.603125 0.5906250000000001 0.728125
0 0.5671875000000001 0.2890625 0.5640625 0.2375 0.5484375 0.2171875 0.5 0.221875 0.4515625 0.203125 0.4015625 0.2046875 0.3796875 0.2125 0.38125 0.25156249999999997 0.4109375 0.2921875 0.425 0.29062499999999997 0.44375 0.27187500000000003 0.4671875 0.2765625 0.5171875 0.3015625 0.5484375 0.3 0.5671875000000001 0.2890625
2 0.2171875 0.4078125 0.215625 0.36875 0.196875 0.29375 0.184375 0.284375 0.1 0.28281249999999997 0.084375 0.3078125 0.0828125 0.3453125 0.096875 0.415625 0.10625 0.41875 0.1109375 0.4328125 0.1390625 0.4546875 0.196875 0.4640625 0.2078125 0.446875 0.2171875 0.4078125
2 0.1953125 0.7640625 0.175 0.7625 0.165625 0.79375 0.1671875 0.8484375 0.184375 0.896875 0.196875 0.9015625 0.2078125 0.8765625 0.2078125 0.8203125 0.2046875 0.80625 0.1984375 0.803125 0.1953125 0.7640625
2 0.809375 0 0.809375 0.0421875 0.7984375 0.0515625 0.7953125 0.0796875 0.80625 0.10625 0.840625 0.1265625 0.871875 0.12812500000000002 0.8796875 0.14531249999999998 0.946875 0.12812500000000002 0.9796875 0.096875 0.98125 0.06406250000000001 0.9703125 0.0390625 0.9125 0 0.809375 0
2 0.91875 0.646875 0.8765625 0.6578125 0.86875 0.66875 0.8640625 0.6953125 0.8203125 0.7296875 0.79375 0.7265625 0.78125 0.73125 0.7765625 0.740625 0.7625 0.7375 0.740625 0.7484375 0.73125 0.74375 0.7203125 0.746875 0.715625 0.740625 0.6421875 0.809375 0.640625 0.853125 0.621875 0.853125 0.60625 0.875 0.5953125 0.875 0.584375 0.93125 0.5703125 0.9703125 0.5593750000000001 0.978125 0.5609375 0.9984375 0.9671875 0.9984375 0.9984375 0.90625 0.9984375 0.59375 0.984375 0.5906250000000001 0.9796875 0.5828125000000001 0.9609375 0.5906250000000001 0.91875 0.646875
2 0.3375 0.6875 0.3265625 0.69375 0.31875 0.7125 0.321875 0.746875 0.346875 0.7671875 0.378125 0.7671875 0.384375 0.7609375 0.39375 0.7375 0.39375 0.7046875 0.3859375 0.690625 0.3375 0.6875
2 0.8015625 0.228125 0.7859375 0.228125 0.76875 0.2421875 0.76875 0.2703125 0.7828125 0.315625 0.803125 0.3375 0.8578125 0.3453125 0.875 0.328125 0.8859375 0.3 0.8765625 0.2609375 0.8015625 0.228125
2 0.4078125 0.125 0.3921875 0.1140625 0.3453125 0.1140625 0.3375 0.1078125 0.228125 0.12968749999999998 0.2078125 0.15625 0.2078125 0.1890625 0.240625 0.2125 0.26718749999999997 0.2171875 0.3171875 0.2125 0.4 0.184375 0.409375 0.1734375 0.415625 0.14531249999999998 0.4078125 0.125
2 0.221875 0.825 0.209375 0.8375 0.2078125 0.8703125 0.23125 0.93125 0.29062499999999997 0.953125 0.3140625 0.9375 0.31875 0.93125 0.3140625 0.88125 0.28281249999999997 0.8390625 0.221875 0.825
2 0.5203125000000001 0.0859375 0.49375 0.0890625 0.4796875 0.1015625 0.4734375 0.1171875 0.4734375 0.1515625 0.4828125 0.1734375 0.49375 0.1828125 0.5296875 0.1734375 0.5375 0.1609375 0.53125 0.09375 0.5203125000000001 0.0859375
2 0.1921875 0.4375 0.1921875 0.5046875000000001 0.20625 0.5328125 0.228125 0.5453125 0.2359375 0.5359375000000001 0.2390625 0.49375 0.228125 0.4265625 0.2109375 0.425 0.1921875 0.4375
0 0.359375 0.9171875 0.365625 0.996875 0.425 0.9984375 0.428125 0.99375 0.4140625 0.971875 0.4078125 0.9359375 0.3859375 0.903125 0.365625 0.890625 0.359375 0.9171875
0 0.85625 0.5866640625 0.9984375 0.5819796875 0.984375 0.426171875 0.9046875 0.4289515625 0.88125 0.375859375 0.7546875 0.371175 0.7671875 0.4320734375 0.809375 0.46486562499999995 0.8296875 0.4929734375 0.828125 0.55075 0.85625 0.5866640625