2 0.19988425925925923 0.8164609050925926 0.2740483541666667 0.7701646087962963 0.34349279861111115 0.7722222222222223 0.36896862037037037 0.7660493819444445 0.3780735601851852 0.7715149166666667 0.4126543217592593 0.7708076134259259 0.4406121388888889 0.7525848773148148 0.4510288055555556 0.7528935185185185 0.45266203703703706 0.7304269537037037 0.34980709953703704 0.7221836412037037 0.28425925925925927 0.7254372430555556 0.25949074074074074 0.7402906388888889 0.2266460902777778 0.7410493819444445 0.20666152314814815 0.7508487662037037 0.1792052476851852 0.7327160486111112 0.1803626550925926 0.8106867291666666 0.19988425925925923 0.8164609050925926
2 0.31152263425925925 0.3798611111111111 0.30974794212962964 0.4005915648148148 0.28728137962962963 0.42244084259259257 0.2866769537037037 0.43627829166666665 0.30300925925925926 0.4454218101851852 0.33411779861111107 0.444611625 0.4005915648148148 0.41021090509259256 0.4009130648148148 0.39290123379629627 0.3875257199074074 0.35613425925925923 0.37349537037037034 0.353986625 0.36204989814814814 0.36230709953703705 0.33802726388888893 0.3650591574074074 0.31152263425925925 0.3798611111111111
2 0.3611368310185185 0.30859053472222225 0.33311471296296297 0.283513375 0.2758230462962963 0.28181584259259257 0.25236625462962964 0.2915123449074074 0.27546296296296297 0.31990740740740736 0.3451903287037037 0.32543724305555555 0.3611368310185185 0.30859053472222225
2 0.33733281944444443 0.5053240740740741 0.3301054537037037 0.5016460902777777 0.32425411574074076 0.5361111111111111 0.33406635879629626 0.5502572013888889 0.36499485648148144 0.5684927986111111 0.4031893009259259 0.569624486111111 0.43780864120370366 0.5481352870370371 0.4401491759259259 0.5343492800925925 0.4317901226851852 0.5167824074074074 0.4478780856481481 0.5016718101851851 0.4471707824074074 0.4929912546296296 0.41014660416666665 0.48496656481481487 0.33733281944444443 0.5053240740740741
2 0.533976337962963 0.26175411574074076 0.5400334351851852 0.2723251018518518 0.5487139907407408 0.27258230555555557 0.5492798356481482 0.27952675 0.5767361111111111 0.29765946527777776 0.6629372430555556 0.3140689305555555 0.6683256180555555 0.2951774699074074 0.6488425925925926 0.26862139814814817 0.5773148148148148 0.21974022685185185 0.48215020601851855 0.19960133796296298 0.41777263425925926 0.1959619351851852 0.40778034953703707 0.200861625 0.4144032916666667 0.21837705787037034 0.46974022685185185 0.25985082407407406 0.4881301435185185 0.2517361111111111 0.504320988425926 0.2591435185185185 0.5161908425925925 0.25603137962962963 0.5202289097222222 0.26307870370370373 0.533976337962963 0.26175411574074076
2 0.055889916666666664 0.6009002060185185 0.05974794212962963 0.6269933125 0.07359824999999999 0.6481867291666666 0.14984567824074074 0.6487139907407408 0.16270576157407407 0.6577546296296296 0.18339763425925926 0.6566358032407408 0.20122170833333333 0.6415766458333333 0.20111882638888887 0.6190586412037037 0.1917309675925926 0.6101208842592593 0.17380401157407407 0.6026620370370371 0.13617541203703704 0.6084747939814815 0.11796553472222222 0.5975437245370371 0.07789351851851851 0.5946244861111111 0.055889916666666664 0.6009002060185185
2 0.22655271296296298 1 0.2130915648148148 0.9891782407407407 0.1795653287037037 0.9284336412037036 0.1684413587962963 0.9194444444444444 0.16606224305555556 0.9540123449074074 0.15486111111111112 0.9865869351851851 0.15595402777777778 1 0.22655271296296298 1
2 0.19668209953703705 0.20326646064814813 0.19086934259259258 0.21694958796296296 0.1915380648148148 0.24641203703703704 0.20106738657407405 0.2570859050925926 0.3072530856481481 0.26369598842592595 0.31884002083333335 0.257111625 0.3144161527777778 0.22407407407407406 0.28883744907407405 0.20772890972222222 0.19668209953703705 0.20326646064814813
2 0.6405349791666667 0.3792181064814815 0.5839506180555556 0.38620113194444444 0.5859310694444444 0.41050668749999997 0.5971965023148148 0.4212319953703703 0.6065457824074074 0.45095164583333336 0.6768389907407408 0.4634259259259259 0.6929269537037037 0.4483153287037037 0.6908050416666667 0.42227366203703703 0.6726337453703705 0.39056069907407404 0.6405349791666667 0.3792181064814815
0 0.6724408425925925 0.2606610092592593 0.6899691365740741 0.3269933125 0.6867026759259259 0.3719264398148148 0.7499614189814815 0.5106224282407408 0.7629629629629631 0.5213991759259259 0.7784465023148148 0.5201260277777778 0.7784207824074074 0.45604423842592595 0.7871399166666667 0.4355195462962963 0.7917566875 0.3646476342592593 0.7804912546296295 0.35392232407407404 0.7780221203703703 0.28110853935185187 0.7620498981481482 0.23387345601851853 0.7232253078703704 0.18249742824074072 0.6720293217592592 0.17058899074074074 0.6612525717592592 0.20837191435185184 0.6759516458333334 0.23998199537037038 0.6724408425925925 0.2606610092592593
2 0.5338847731481482 0.6115991759259259 0.5701036527777777 0.6525064814814814 0.6409561481481482 0.651141974537037 0.7400462962962963 0.7077674907407407 0.7547839513888889 0.7185956782407408 0.7569830254629629 0.7030735601851852 0.7415380648148149 0.6835648148148148 0.7438786018518518 0.6697788055555556 0.7246399166666667 0.6674768518518519 0.7061471203703704 0.6530735601851851 0.7115354930555555 0.634182099537037 0.6970807615740741 0.6268261319444444 0.6962319953703704 0.6164094652777777 0.6654835393518518 0.5791280856481481 0.6446502060185184 0.5785108032407407 0.552391974537037 0.5515303495370371 0.4670396087962963 0.5455375509259259 0.45704732407407406 0.5504372430555556 0.46260287962962965 0.5973636828703703 0.5338847731481482 0.6115991759259259