2 0.38765432175925923 0.2543338472222222 0.38148148148148153 0.24555041203703704 0.347067900462963 0.24156378703703704 0.30003858101851855 0.2426054537037037 0.2678626550925926 0.2525591574074074 0.1108024699074074 0.2398019537037037 0.0817901226851852 0.25327932175925927 0.12820215972222224 0.259182099537037 0.14479166666666665 0.26811985648148146 0.19386574074074073 0.2636316875 0.25763888888888886 0.26979166666666665 0.30343364120370375 0.2826388888888889 0.3602237662037037 0.2695730462962963 0.38765432175925923 0.2543338472222222
2 0.4394675925925926 0.5123842592592592 0.4868827152777778 0.467888375 0.4923611111111111 0.44537037037037036 0.47461419675925925 0.4103395069444445 0.4425540115740741 0.3994341574074074 0.40231481481481485 0.40231481481481485 0.38275462962962964 0.40724022685185185 0.3256944444444444 0.4429012337962963 0.32476851851851857 0.453317900462963 0.315625 0.4583976342592593 0.3098765439814815 0.5035108032407408 0.3204861111111111 0.5210519537037037 0.3370756180555556 0.5299897129629629 0.38283178935185186 0.5237139907407408 0.3891589513888889 0.5307613171296297 0.4222608032407407 0.5103909467592592 0.4394675925925926 0.5123842592592592
2 0.6337962962962963 0.6925797314814814 0.6790895069444445 0.6915123449074074 0.7041666666666666 0.6831918726851852 0.7084104930555556 0.6745627569444445 0.6972993819444445 0.6431069953703704 0.6627314814814815 0.6408564814814816 0.6005787037037037 0.655581275462963 0.5756944444444444 0.6812885810185185 0.5820216041666667 0.6883359050925926 0.6337962962962963 0.6925797314814814
2 0.36112962962962963 0.4069198564814815 0.29361728472222226 0.40418127546296295 0.2823236875 0.355338837962963 0.4034336412037037 0.33105709953703705 0.3767361111111111 0.31849279861111107 0.3366512337962963 0.3196373449074074 0.26801697453703704 0.32905092592592594 0.22260802546296296 0.35097736574074073 0.22121913657407408 0.36660236574074073 0.18645833333333334 0.425192900462963 0.18715277777777775 0.4564943425925926 0.2704861111111111 0.45772890972222224 0.36112962962962963 0.4069198564814815
2 0.7383487662037036 0.41598508333333334 0.7459876550925926 0.36916152314814815 0.7652006180555555 0.3485853912037037 0.7264274699074074 0.29585905324074074 0.7255787037037037 0.26629372453703704 0.7082175925925925 0.26603652314814813 0.7018518518518518 0.31809413657407404 0.7101080254629629 0.34255401157407406 0.7048225300925927 0.3824588472222222 0.7125771597222221 0.3930041157407408 0.7036265439814814 0.4154706782407407 0.7253858032407408 0.48359053472222224 0.7512345671296297 0.46658950694444445 0.7396604930555556 0.44034207870370373 0.7383487662037036 0.41598508333333334
2 0.822993826388889 0.7544881689814815 0.8304783958333333 0.7094007199074075 0.8103395069444445 0.6621656388888889 0.8110725300925926 0.6343621388888889 0.7651234560185186 0.6232510277777777 0.7539351851851852 0.6317772638888889 0.7541280856481483 0.7273919745370371 0.7693287037037038 0.7519547314814815 0.8116512337962963 0.7647505138888889 0.822993826388889 0.7544881689814815
2 0.18985339583333333 0.5434542175925926 0.17283950694444444 0.4806198564814815 0.18306327083333332 0.4633873449074074 0.18537808564814814 0.4373456782407408 0.18078703703703702 0.4303240740740741 0.14591049305555556 0.4315457824074074 0.11770833333333333 0.45546553472222223 0.10817901157407407 0.5039994861111111 0.0940200625 0.5263888888888889 0.1045524699074074 0.5839120370370371 0.1259259259259259 0.6172582314814815 0.14328703703703705 0.6175154328703704 0.18487654398148148 0.5798868310185186 0.18985339583333333 0.5434542175925926
2 0.4217978402777778 0.7502829212962964 0.4212962962962963 0.7363683125 0.41037808564814815 0.7222993819444445 0.32040895138888886 0.7174897129629629 0.26593364120370366 0.704513888888889 0.19081790046296299 0.7086162546296296 0.18059413657407408 0.7258487662037036 0.17596450694444443 0.777932099537037 0.18418209953703701 0.7832690324074074 0.1846836412037037 0.7971836412037037 0.22797067824074074 0.8186856990740741 0.23020833333333335 0.8326260277777777 0.3116512337962963 0.8355709884259258 0.37164351851851857 0.84515175 0.3744984560185185 0.8521476342592592 0.4074845671296296 0.8526363171296296 0.459837962962963 0.8308127569444445 0.44375 0.7575617291666666 0.4217978402777778 0.7502829212962964
2 0.4978202175925926 1 0.5005787037037037 0.9983024699074073 0.5052854930555556 0.9844650208333333 0.4706404328703704 0.9439686203703703 0.42229938194444444 0.9206532916666667 0.3899305555555555 0.9132201643518519 0.37573302546296294 0.916486625 0.35794753009259256 0.9405606990740741 0.3597222222222222 0.9597093611111112 0.41176113657407404 1 0.4978202175925926 1
2 0.27341821064814814 0.033603395833333334 0.3842206782407407 0.11694958796296297 0.4098765439814815 0.1607896087962963 0.5091435185185185 0.15878343518518517 0.5233410486111111 0.15551697453703706 0.5367283958333333 0.14180812731481482 0.5382716041666666 0.1244470162037037 0.5303626550925926 0.11563786111111111 0.5394675925925926 0.09143518518518519 0.49899691435185184 0.05780606944444444 0.4004243819444444 0.012885803240740741 0.3745265162037037 0.005548541666666667 0.2643229166666667 0.003915895833333334 0.2642361111111111 0.019560185185185184 0.27341821064814814 0.033603395833333334
2 0.5556712962962963 0.22205504166666667 0.6112268518518519 0.22287808564814815 0.6399305555555556 0.21287294212962962 0.6465277777777778 0.19732510185185184 0.6393904328703703 0.1798353912037037 0.5981867291666667 0.17400977314814817 0.558912037037037 0.18559670833333333 0.5504243819444444 0.20285493749999997 0.5556712962962963 0.22205504166666667