2 0.6758661898148148 0.21594982175925925 0.6398446828703703 0.18817204166666668 0.5730585416666667 0.15991636805555556 0.48267622685185185 0.14062126620370372 0.44223417129629633 0.14050179166666665 0.43948625925925927 0.14707287962962962 0.4305854236111111 0.17974910185185186 0.4342891273148148 0.18608124305555554 0.47353643981481486 0.2137395462962963 0.48160095601851854 0.2134408611111111 0.5038829143518518 0.23040621296296296 0.5096774189814814 0.24313022685185184 0.5161290324074074 0.2428912777777778 0.5299283148148148 0.27634408564814816 0.5551373958333333 0.3109916365740741 0.5642174421296297 0.34623656018518517 0.5571684583333334 0.38207885185185186 0.5493428912037037 0.3856033472222222 0.5669056157407407 0.4043608125 0.6480286736111112 0.40782556712962964 0.6813022708333334 0.3985065717592593 0.704599761574074 0.40734767129629634 0.7359020324074074 0.3932497013888889 0.7569892476851853 0.3940860231481481 0.7662485046296297 0.36624850694444444 0.7667264050925925 0.3290322592592592 0.6758661898148148 0.21594982175925925
2 0.9333930717592592 0.4393070486111111 0.9336917546296296 0.3778375138888889 0.9198327361111112 0.27807646296296296 0.9125448032407407 0.26702509027777777 0.8960573472222222 0.26278375000000004 0.8661290324074074 0.27359617824074073 0.8593787337962964 0.29163679861111114 0.8763440856481481 0.38966547222222225 0.8830346481481482 0.39265233101851854 0.8791517337962963 0.40573476620370375 0.8835722824074074 0.4217443240740741 0.8962962962962963 0.4406810046296296 0.8952807638888888 0.44880525694444445 0.9139784930555556 0.4610513726851852 0.9270011944444444 0.4621863796296296 0.9333930717592592 0.4393070486111111
2 0.780764636574074 0.19103942592592593 0.7942054953703703 0.17598566435185184 0.7885902037037037 0.14384707407407407 0.7619474305555556 0.08984468287037037 0.7461170856481482 0.07264038194444444 0.7330943842592593 0.07150537731481481 0.7536439675925926 0.1742532847222222 0.780764636574074 0.19103942592592593
2 0.8998502824074074 0 0.9085424143518518 0.016487456018518518 0.9289725208333333 0.030286738425925927 0.9356033449074075 0.010633212962962964 0.9334767037037037 0 0.8998502824074074 0
2 0.9400836319444444 0.7916367986111111 0.958960574074074 0.784468337962963 0.9663082453703703 0.7744922337962963 0.9651135000000001 0.7583632013888889 0.9540023912037037 0.7393667870370371 0.9181600949074074 0.7358422939814815 0.8996415763888889 0.7478494606481482 0.8985663101851853 0.7770011944444444 0.9105734768518519 0.7862604537037037 0.9400836319444444 0.7916367986111111
2 0.13799283101851853 0.29086021296296294 0.1829151712962963 0.2859617685185185 0.1967144560185185 0.2757467152777778 0.30985663194444446 0.2747909189814815 0.41099163657407406 0.2645758657407407 0.47491039583333333 0.25412186574074075 0.48548387037037033 0.2440262824074074 0.49988052546296297 0.24187574537037038 0.48219832870370366 0.22150537731481482 0.45107526851851854 0.21618877083333332 0.3262246111111111 0.23375149305555554 0.22945041666666666 0.2373357222222222 0.2187574675925926 0.24581839814814815 0.10274790972222221 0.25173237962962963 0.028255675925925927 0.27228196064814814 0.020888092592592594 0.2819892476851852 0.02113201851851852 0.2852822569444444 0.03315412037037037 0.2947431296296296 0.13799283101851853 0.29086021296296294
2 0.4317204282407407 0.8282556759259259 0.47508960648148146 0.802389486111111 0.5103942662037037 0.7331541226851852 0.5077060925925926 0.7186977291666666 0.4747909212962963 0.689187576388889 0.42383512500000003 0.6781362013888889 0.42550776620370373 0.7007168472222222 0.4529868587962963 0.7223416944444444 0.4475507777777778 0.7581242546296296 0.4295101574074074 0.7765830347222222 0.38608124074074074 0.7798088402777777 0.38757467129629625 0.8218040625 0.37956989351851855 0.8447431296296296 0.4317204282407407 0.8282556759259259
2 0.0678016712962963 0.4131421759259259 0.0832138587962963 0.4028673842592593 0.08500597453703704 0.38339306944444446 0.07759856712962963 0.3707287939814815 0.027433958333333335 0.37035842361111115 0.030744722222222222 0.41505376388888887 0.04223416898148148 0.41732377546296295 0.0678016712962963 0.4131421759259259
2 0.6268219837962964 0.4490442060185185 0.6593787337962963 0.43004778935185184 0.6571087222222223 0.39940262962962964 0.6470728796296297 0.3949223402777778 0.5369175625 0.39253285416666667 0.5231182800925926 0.40274790972222224 0.47867383564814814 0.45776583101851853 0.45256869675925926 0.4765232962962963 0.4554958171296296 0.49420549537037034 0.567682199074074 0.48034647453703705 0.5718040624999999 0.47048984490740736 0.5979092013888889 0.45173237731481486 0.6268219837962964 0.4490442060185185
2 0.40017921064814815 0.8827956990740741 0.4556152939814815 0.888829150462963 0.49408602083333336 0.8841696527777778 0.4977299884259259 0.8678614097222223 0.4732377546296296 0.8428912777777777 0.42473118287037037 0.8430704907407408 0.39307048842592596 0.85232975 0.38721625000000004 0.8606332152777777 0.40017921064814815 0.8827956990740741
0 0.8283154120370371 0.5272998819444444 0.8229390671296296 0.4983870972222222 0.7750896041666666 0.4856033472222222 0.6028673842592593 0.4968339305555556 0.5620669050925926 0.4918757453703704 0.517025087962963 0.4951612916666667 0.47234169675925924 0.5032855439814815 0.4504778958333333 0.5137992824074074 0.44623656018518515 0.5220430092592593 0.45746714583333337 0.5426523287037037 0.5247909212962963 0.5563321388888889 0.7879330925925926 0.5498207870370371 0.8231780185185186 0.5452807638888889 0.8283154120370371 0.5272998819444444
0 0.8924731180555555 0.43273596296296296 0.880465949074074 0.3798088402777778 0.8715651134259259 0.36881720370370374 0.8532258055555556 0.36140979629629627 0.8508363217592593 0.3728195925925926 0.8427718055555556 0.3731182777777778 0.8354241342592593 0.42676224768518517 0.8421744328703703 0.45238948611111107 0.8369175624999999 0.4687574675925926 0.8419952222222222 0.4718040625 0.8321385902777778 0.4915770625 0.8476702500000001 0.6139187569444444 0.8454599768518519 0.693249701388889 0.8548387106481482 0.7543608125 0.863381125 0.7605137407407407 0.8643369189814815 0.7734169652777778 0.8778375138888889 0.7810035833333333 0.8851254467592592 0.7483870949074074 0.8929510138888889 0.7448626041666666 0.8952807638888888 0.6671445648148149 0.9016129027777778 0.665292712962963 0.9025089606481481 0.6555555555555556 0.8924731180555555 0.43273596296296296