2 0.5963455138888889 0.7889258032407407 0.6029900324074075 0.7976744189814815 0.6362126250000001 0.8032115185185185 0.6810631226851852 0.8045404212962963 0.7109634560185185 0.796567 0.8621262453703703 0.8166112962962963 0.8887043194444445 0.8050941296296296 0.8438538194444445 0.7971207083333334 0.827242525462963 0.7877076412037036 0.7807308981481482 0.7895902546296296 0.7192691018518518 0.780509412037037 0.6744186041666667 0.7658914722222222 0.6212624583333333 0.7756367662037037 0.5963455138888889 0.7889258032407407
2 0.5249169444444445 0.5383167222222222 0.4833887037037037 0.5787375416666667 0.4800664444444444 0.6001107430555556 0.5 0.6346622361111111 0.5315614606481481 0.6467331111111112 0.5697674421296296 0.6459579166666666 0.5880398680555555 0.6421926898148148 0.6395348842592592 0.6107419722222223 0.6395348842592592 0.6007751944444444 0.6478405324074075 0.5963455138888889 0.6495016620370371 0.5532668888888889 0.6378737546296297 0.5358803981481481 0.6212624583333333 0.5264673310185185 0.5780730902777778 0.5302325578703704 0.5714285717592593 0.5231450717592593 0.5415282384259259 0.5410852708333334 0.5249169444444445 0.5383167222222222
2 0.32392026620370373 0.35548172916666665 0.2807308981481481 0.35426356712962964 0.25747508333333335 0.36101882407407404 0.2541528240740741 0.3691029884259259 0.2674418611111111 0.3998892592592593 0.3006644513888889 0.40376522685185184 0.3588039861111111 0.3926910300925926 0.3803986712962963 0.36921373148148146 0.3737541527777778 0.36212624768518514 0.32392026620370373 0.35548172916666665
2 0.6087308981481482 0.6435720925925926 0.6734750833333334 0.6495495 0.6884152824074073 0.6970571435185186 0.5747508310185185 0.7143964560185184 0.6013289027777778 0.7277962337962963 0.6395348842592592 0.7286821712962963 0.7043189375 0.7230343287037037 0.745847175925926 0.7042081967592593 0.745847175925926 0.6892580300925927 0.7740863796296297 0.6346622384259258 0.7707641203703703 0.6045404212962963 0.691029900462963 0.5992248055555556 0.6087308981481482 0.6435720925925926
2 0.24750830555555556 0.6161683263888889 0.24418604629629628 0.6607973425925926 0.22757475 0.6796234768518519 0.26910299074074073 0.7322259143518518 0.27242525 0.760686599537037 0.2890365439814815 0.7617940185185185 0.2906976736111111 0.712070875 0.2807308981481481 0.6881506087962963 0.28239202546296294 0.6500553703703703 0.2740863796296296 0.6395348842592592 0.2807308981481481 0.6183831666666667 0.2541528240740741 0.5518272407407407 0.23089700925925924 0.5668881504629629 0.24418604629629628 0.5926910300925926 0.24750830555555556 0.6161683263888889
2 0.1378737546296296 0.2866002222222222 0.13455149537037037 0.3295681064814815 0.15780730787037037 0.3759689907407407 0.1594684375 0.40265780787037037 0.20431893750000002 0.41561461805555555 0.21428571527777776 0.4079734236111111 0.20598006712962963 0.3160575856481482 0.18936877083333334 0.29169435416666667 0.1478405324074074 0.27729789583333336 0.1378737546296296 0.2866002222222222
2 0.7607973425925926 0.520819488425926 0.7823920254629629 0.5820598009259259 0.7740863796296297 0.5981173865740741 0.7740863796296297 0.6230343310185185 0.7790697685185185 0.6300110740740741 0.8122923587962964 0.6305647847222221 0.8372093032407407 0.6089700995370371 0.8421926921296297 0.5627906990740741 0.8538205972222223 0.5419712060185186 0.8388704328703703 0.4861572523148148 0.8156146180555555 0.4530454050925926 0.7990033217592593 0.45193798611111113 0.7624584722222223 0.4860465115740741 0.7607973425925926 0.520819488425926
2 0.5215946851851851 0.3105204884259259 0.5232558148148149 0.32392026388888884 0.5348837199074075 0.33798449537037034 0.6212624583333333 0.347065337962963 0.6744186041666667 0.36223698842592594 0.745847175925926 0.3620155046296296 0.754152824074074 0.3459579166666667 0.754152824074074 0.2961240300925926 0.745847175925926 0.2905869328703704 0.7441860462962964 0.2771871527777778 0.7009966782407407 0.25437430787037035 0.6976744189814815 0.24086378703703704 0.6196013287037038 0.2339977847222222 0.5614617939814814 0.2218161689814815 0.5581395347222222 0.2149501666666667 0.5265780740740741 0.21284606944444442 0.47840531481481485 0.23122923611111112 0.5 0.30243632407407406 0.5215946851851851 0.3105204884259259
2 0.42524916898148146 0.06821705324074075 0.42192690972222224 0.08128460648148149 0.45847176157407404 0.12192691203703704 0.5066445185185185 0.1467331111111111 0.5382059791666667 0.15548172685185183 0.5514950162037037 0.15304540277777776 0.5664451828703704 0.13078626851851852 0.5631229236111112 0.1122923587962963 0.5 0.06323366666666666 0.4551495023148148 0.050276856481481474 0.42524916898148146 0.06821705324074075
2 0.7153386921296296 1 0.6112956805555555 0.9211517175925926 0.5830564791666667 0.8777408657407407 0.48837209259259257 0.8747508310185185 0.4750830555555556 0.8771871527777777 0.463455150462963 0.8897009953703703 0.463455150462963 0.9063122916666666 0.4717607962962963 0.915171650462963 0.46511628009259254 0.9379844953703703 0.5066445185185185 0.9723145069444444 0.5630999606481482 1 0.7153386921296296 1
2 0.43853820601851856 0.8116279050925925 0.38538206018518517 0.808084162037037 0.3588039861111111 0.8162790694444445 0.3538205972222222 0.8308970092592594 0.36212624537037036 0.8480620162037037 0.4019933564814815 0.855703212962963 0.43853820601851856 0.8465116273148148 0.44518272453703706 0.8303432986111111 0.43853820601851856 0.8116279050925925