2 0.4749818449074074 0.5258654074074074 0.4470588240740741 0.5252360208333333 0.4333333333333333 0.5685548287037038 0.445134349537037 0.6024328240740742 0.47814088425925927 0.6199346412037037 0.49611474074074075 0.6213991782407406 0.5250544652777778 0.6105906574074075 0.5227789398148148 0.5621283587962963 0.5320261435185185 0.5321592847222222 0.4942992013888889 0.5307310578703703 0.48209876388888884 0.5198620185185185 0.4749818449074074 0.5258654074074074
2 0.2823892523148148 0.7669208425925925 0.2678286134259259 0.7640885972222222 0.2493100925925926 0.7872670046296297 0.2446259976851852 0.8214475925925926 0.25018155555555555 0.8515250532407407 0.26503268055555557 0.8510893240740741 0.2826797384259259 0.8377148402777778 0.2925925925925926 0.8187726921296297 0.2956427013888889 0.7844589675925926 0.2823892523148148 0.7669208425925925
2 0.20756107175925925 1 0.21437908564814817 0.9950859375 0.2138707337962963 0.9637739050925925 0.19048656712962964 0.9305979166666667 0.18700072685185185 0.8957516342592592 0.17970225 0.8852820138888888 0.16350762500000002 0.8823166296296295 0.1518155416666667 0.9027596226851853 0.1455700787037037 0.8989590902777778 0.13133623842592593 0.9109658680555556 0.12988380555555554 0.9273057384259259 0.091866375 0.9291454861111111 0.0919026875 0.9472524814814816 0.07650689814814815 0.9723311550925926 0.08024691435185184 0.9858024699074074 0.0881263611111111 0.9897361412037037 0.08947053703703703 1 0.1887868773148148 1 0.18928830787037038 0.999624787037037 0.1903950810185185 1 0.20756107175925925 1
2 0.17915758796296297 0.6136770740740741 0.1733478587962963 0.6049745833333333 0.1553740023148148 0.6035100462962963 0.13671023842592592 0.6283224398148148 0.13525780555555555 0.6446623101851853 0.17120551851851853 0.6475913819444444 0.17915758796296297 0.6136770740740741
2 0.5689905578703703 0.8939603009259259 0.5363108194444445 0.8912975069444444 0.5076978935185186 0.9169450509259259 0.5148874351851852 0.9471556527777778 0.5263616550925926 0.966194625 0.5640885972222223 0.9676228518518519 0.5818809004629629 0.9526143796296296 0.5834422662037037 0.916533525462963 0.5689905578703703 0.8939603009259259
2 0.34949164814814815 0.6785766157407408 0.3375816990740741 0.6644396041666667 0.3098039212962963 0.6621762291666667 0.29843863425925926 0.6974582407407408 0.30206971759259255 0.7306705393518519 0.3360929560185185 0.7367344467592593 0.3507625277777778 0.7198257083333333 0.34949164814814815 0.6785766157407408
2 0.5262164120370371 0.8197046736111111 0.5077705138888889 0.8050351018518519 0.48936092824074073 0.808472525462963 0.4781045740740741 0.8240135555555556 0.47755991435185186 0.8486565 0.5261437893518518 0.8575526504629629 0.5262164120370371 0.8197046736111111
2 0.42859712499999997 1 0.4401234560185185 0.9920842407407408 0.4496005810185185 0.9780440578703704 0.4494190277777778 0.9615710462962963 0.43188090046296296 0.9552045509259259 0.3972766875 0.9556765925925925 0.37516339814814814 0.9637496967592593 0.3671274421296296 1 0.42859712499999997 1
2 0.10464778472222222 0.7112926666666667 0.0905954976851852 0.7397724513888889 0.09277414583333334 0.7893246203703703 0.10780682638888889 0.8053618981481482 0.12400145138888889 0.8083272800925926 0.14179375462962962 0.7933188101851852 0.15294117824074074 0.7234567893518519 0.1490559189814815 0.711619462962963 0.12824981944444444 0.7049866851851851 0.10464778472222222 0.7112926666666667
2 0.6967683379629629 0.8451222453703703 0.6804284675925926 0.8437908495370371 0.6828976018518519 0.8900750416666667 0.6915395787037036 0.903945775462963 0.7199346412037038 0.917780199074074 0.7301742916666667 0.913677076388889 0.7273057384259259 0.8904018402777778 0.7073347847222222 0.8558581458333334 0.6967683379629629 0.8451222453703703
0 0.5360566435185186 0.3942386828703704 0.5368554814814815 0.42228274074074074 0.5440087152777777 0.4343863472222222 0.5423021041666667 0.47210118749999996 0.5531953518518519 0.49767610648148153 0.6216775601851852 0.5049019606481482 0.6403776319444445 0.4981965625 0.6461510532407407 0.48879206018518523 0.6493100949074074 0.43473735185185186 0.6644880185185186 0.3750786736111111 0.6750544652777778 0.23769063194444445 0.6583877986111111 0.22152021296296295 0.6454611481481481 0.21882110879629632 0.5596223657407408 0.22170176851851853 0.5492374722222222 0.22743887731481482 0.552687 0.24417816666666667 0.5360566435185186 0.3942386828703704
2 0.793573587962963 1 0.7868917939814815 0.9791938981481482 0.7933914305555555 0.9616194606481481 0.7883079166666667 0.9447470347222222 0.7667029768518518 0.9100702013888889 0.7653231666666668 0.8885620902777777 0.7516339861111111 0.8759259259259259 0.7591503263888889 0.8469135787037038 0.7615468402777777 0.7829218124999999 0.7766884513888889 0.7792181087962964 0.7612200439814815 0.768082787037037 0.7501815532407408 0.7441418541666667 0.7324981828703704 0.7394093449074075 0.7342047939814814 0.7016945069444445 0.7526143796296296 0.6982570810185186 0.7530501087962963 0.6933551203703703 0.7462236736111111 0.6960905347222223 0.7358024699074074 0.6837206504629629 0.7378358749999999 0.6608448333333333 0.6941539560185185 0.652348099537037 0.6793391412037038 0.6708908263888889 0.6752723310185185 0.7166424606481482 0.6891793749999999 0.8379206018518518 0.7023238912037038 0.8751997083333334 0.72835875 0.8970709282407408 0.745388525462963 0.946187363425926 0.7773690462962962 1 0.793573587962963 1
2 0 0.7921237199074075 0.006390703703703704 0.8168482199074073 0.02095134259259259 0.819680462962963 0.02596223611111111 0.800338900462963 0.03565722685185185 0.7468167523148148 0.02962962962962963 0.7035342523148148 0.03957879398148148 0.554575162037037 0.026470587962962963 0.5354030486111111 0.03431372453703704 0.5212297268518519 0.026216412037037038 0.4827160486111111 0.01641249074074074 0.48191721064814813 0.01786492361111111 0.4655773425925926 0 0.44926399074074075 0 0.4510184120370371 0.0009077708333333332 0.45267489814814815 0 0.4535495324074074 0 0.7921237199074075
2 0.15148874305555554 0.44354877546296295 0.1070806087962963 0.44322197916666667 0.09408133564814815 0.47837085416666664 0.09095860648148148 0.5505325578703704 0.10882352777777778 0.5717380787037037 0.14967320138888887 0.5750665694444445 0.16140159953703706 0.5727305740740741 0.16376180092592593 0.5646937777777777 0.17236746527777777 0.4863955462962963 0.1689179375 0.46965625694444446 0.15148874305555554 0.44354877546296295