2 0.5875 0.4703125 0.603125 0.471875 0.621875 0.4640625 0.621875 0.4484375 0.6046875 0.421875 0.603125 0.39375 0.5890624999999999 0.3515625 0.5703125 0.3328125 0.55703125 0.33125 0.5359375000000001 0.3140625 0.525 0.315625 0.521875 0.359375 0.515625 0.375 0.5 0.384375 0.496875 0.403125 0.5546875 0.425 0.56875 0.4421875 0.571875 0.4578125 0.5875 0.4703125
2 0.396875 0.759375 0.396875 0.75 0.390625 0.75 0.390625 0.675 0.415625 0.63125 0.4265625 0.5750000000000001 0.4234375 0.5421874999999999 0.3796875 0.540625 0.3796875 0.553125 0.3515625 0.5671875000000001 0.346875 0.5859375 0.325 0.6015625 0.309375 0.6328125 0.30625 0.653125 0.3171875 0.7125 0.3453125 0.7453125 0.35 0.7765625 0.3578125 0.784375 0.3796875 0.775 0.3875 0.759375 0.396875 0.759375
2 0.5015625 0.5515625000000001 0.4953125 0.5625 0.4953125 0.5828125000000001 0.50625 0.596875 0.5234375 0.65 0.55625 0.646875 0.5578124999999999 0.6171875 0.5484375 0.5656249999999999 0.5187499999999999 0.5453125 0.5015625 0.5515625000000001
2 0.7265625 0.246875 0.728125 0.2703125 0.7375 0.2765625 0.771875 0.25 0.7984375 0.2453125 0.80625 0.2234375 0.790625 0.2109375 0.778125 0.2109375 0.7265625 0.246875
2 0.7484375 0.40625 0.753125 0.43125 0.759375 0.434375 0.76875 0.4234375 0.7703125 0.353125 0.7546875 0.3453125 0.75 0.3484375 0.7484375 0.40625
2 0.375 0.9125 0.3765625 0.9328125 0.428125 0.9390625 0.4578125 0.9109375 0.45625 0.8859375 0.45 0.875 0.415625 0.884375 0.4 0.8796875 0.375 0.9125
0 0.909375 0.5609375 0.8671875 0.5609375 0.853125 0.5671875000000001 0.8421875 0.5828125000000001 0.8375 0.5984375 0.8515625 0.6171875 0.9125 0.628125 0.9234375 0.6359375 0.9578125 0.609375 0.96875 0.5890624999999999 0.965625 0.578125 0.909375 0.5609375
0 0.59375 0.475 0.571875 0.4640625 0.5437500000000001 0.5203125000000001 0.5546875 0.6078125 0.5640625 0.621875 0.5796875 0.6203125 0.6375 0.5796875 0.6578125 0.5281250000000001 0.6578125 0.4640625 0.6296875 0.4546875 0.59375 0.475
0 0.435859375 0.7525484375 0.39375 0.771875 0.3890625 0.7625 0.3553796875 0.7872609375 0.34267343749999996 0.745775 0.3265765625 0.7322296875 0.309375 0.7125 0.2859375 0.7140625 0.25625000000000003 0.73125 0.25156249999999997 0.740625 0.2546875 0.84375 0.2296875 0.8765625 0.234375 0.9 0.303125 0.9078125 0.378125 0.884375 0.3921875 0.8703125 0.4206109375 0.8380578125 0.435859375 0.7525484375
0 0.4890625 0.48125 0.4640625 0.4828125 0.428125 0.5015625 0.43125 0.521875 0.45 0.5343749999999999 0.5015625 0.5546875 0.5171875 0.5484375 0.5359375000000001 0.55625 0.5328125 0.5265624999999999 0.5187499999999999 0.49375 0.4890625 0.48125
0 0.4859375 0.4796875 0.4546875 0.4734375 0.45 0.478125 0.4265625 0.471875 0.36875 0.48125 0.371875 0.5140625 0.3828125 0.5234375 0.4140625 0.525 0.4609375 0.5171875 0.48125 0.5109374999999999 0.4796875 0.5046875000000001 0.49375 0.496875 0.4859375 0.4796875