2 0.4771990740740741 0.5588091574074073 0.4476594652777778 0.4965534976851852 0.4271090532407407 0.50172325 0.4181069953703704 0.5199331273148148 0.4013117291666667 0.5282921805555555 0.35298353935185184 0.5357253078703704 0.3522376550925926 0.5480195462962962 0.37324459953703704 0.5699009768518519 0.3761831273148148 0.5845164606481481 0.3987139907407407 0.6036522638888889 0.44686213888888887 0.6154578194444444 0.4782536018518519 0.6146476342592593 0.5093235601851852 0.6313400208333333 0.5266846712962964 0.629925412037037 0.5336676944444444 0.6083847731481482 0.5305169745370371 0.5911651226851852 0.5152134768518519 0.574935699074074 0.4975694444444444 0.5728780856481481 0.4771990740740741 0.5588091574074073
2 0.8586805555555556 0.30752314814814813 0.8492926944444444 0.29954989814814814 0.8141460902777778 0.2971707824074074 0.7751414606481482 0.2688914606481482 0.708179011574074 0.2621141967592593 0.6858924907407408 0.267425412037037 0.6525848773148148 0.28761574074074076 0.6372042175925926 0.31333590509259257 0.6167952685185185 0.32024176851851854 0.6037165648148148 0.35276491666666665 0.5898276759259259 0.35389660416666663 0.5955246921296296 0.40236625462962966 0.6322659467592593 0.40286779861111116 0.6937757199074075 0.3856224282407407 0.7401234560185186 0.3538837453703704 0.8234567893518518 0.3470936203703704 0.8240226342592593 0.3540380648148148 0.8344393009259259 0.35318930092592593 0.8335905347222222 0.34277263425925925 0.8502443425925926 0.33267746990740743 0.8586805555555556 0.30752314814814813
2 0.691023662037037 0.5448816875 0.7238683125 0.5404578194444445 0.7243698564814814 0.5037165648148149 0.6637860092592592 0.4894290115740741 0.6471707824074074 0.4785493819444444 0.624601337962963 0.48038837500000003 0.6130144027777779 0.4883230462962963 0.6076260277777777 0.5079861111111111 0.6328832314814815 0.5391332314814815 0.691023662037037 0.5448816875
2 0.2760159467592593 0.8565715023148148 0.29961419675925927 0.8459104930555555 0.30241769444444444 0.8159722222222222 0.3288194444444445 0.7753729421296297 0.3210262337962963 0.7655221203703704 0.2948431064814815 0.7659079212962964 0.2595807615740741 0.8264531898148149 0.2607124490740741 0.8403420787037037 0.2760159467592593 0.8565715023148148
2 0.4168595671296296 0.8048996921296295 0.4948431064814815 0.7967978402777777 0.5061471203703704 0.7853909467592592 0.5021090532407407 0.7787294236111111 0.4739068935185185 0.7757844652777778 0.4098122430555556 0.7827546296296296 0.40676440277777776 0.7882458842592592 0.4168595671296296 0.8048996921296295
2 1 0.3173564861111111 0.9684027777777778 0.3457690324074074 0.9750257199074075 0.362705761574074 0.9677211944444445 0.4017489722222222 0.9804398148148148 0.40770318981481485 1 0.4073337893518519 1 0.3173564861111111
0 0.7176183125000001 0.8712705763888889 0.6955118310185185 0.8573431064814815 0.6785751018518519 0.8639660486111111 0.6622042175925926 0.8775334351851852 0.6565329212962964 0.8937242800925925 0.6603523657407407 0.9405992800925925 0.6650559421296296 0.9524494884259259 0.7421957685185185 0.9461640208333334 0.7352880648148149 0.9379886828703704 0.7176183125000001 0.8712705763888889
0 0.6011188263888889 0.6640560694444445 0.6565715023148149 0.6368184166666666 0.6964763379629629 0.5689043217592593 0.6967978402777777 0.55140175 0.680324074074074 0.5422582314814816 0.582111625 0.5380272638888889 0.5221579212962963 0.5743698564814815 0.5362911527777777 0.5976851851851852 0.5169753078703704 0.6394547314814815 0.5299382708333333 0.6698559675925926 0.6011188263888889 0.6640560694444445
0 0.9716306574074074 0.3210390949074074 0.9908822013888888 0.23558384722222223 0.9759773657407408 0.15990226388888887 0.9495113171296297 0.1568158425925926 0.9153163587962964 0.1875643009259259 0.8004501018518518 0.1934284976851852 0.7904578194444445 0.19948559722222223 0.7740483541666667 0.23402777777777775 0.7744341574074075 0.2602109050925926 0.797913375 0.27753752546296295 0.814421050925926 0.2941966180555556 0.8616668981481481 0.30455874537037037 0.8372042175925926 0.3442258240740741 0.8480452685185185 0.3485853912037037 0.8303836805555556 0.39712331481481483 0.9240135810185185 0.3724390185185185 0.9572788055555556 0.33793724305555556 0.9716306574074074 0.3210390949074074
0 0.6213348773148148 0.5260931064814814 0.6109567893518518 0.5059670787037037 0.6164866250000001 0.4880401226851852 0.5892489722222222 0.4325874490740741 0.573662550925926 0.41288580324074076 0.5508101851851852 0.4112525717592593 0.5332304537037037 0.4528806574074074 0.5337577152777778 0.48079989814814816 0.5503343611111111 0.5126543217592593 0.5880658425925925 0.5253086412037037 0.6213348773148148 0.5260931064814814
0 0.5660365231481482 0.46943158333333335 0.571141974537037 0.4462962962962963 0.5755787037037037 0.3935056574074074 0.5710133749999999 0.35892489814814815 0.5596064814814815 0.34762088425925924 0.5228652268518519 0.3471193425925926 0.5176826134259259 0.4122042175925926 0.5267489722222222 0.43768004166666663 0.5219650208333333 0.44331275694444444 0.5317386828703703 0.4774691365740741 0.5515432106481482 0.4845936203703704 0.5589506180555556 0.46826131712962965 0.5660365231481482 0.46943158333333335