2 0.5730158726851852 0.4073133449074074 0.5952380949074074 0.46472663194444447 0.6142857152777778 0.46042328009259265 0.6238095231481481 0.44398589120370374 0.6396825393518518 0.43669606018518514 0.6841269837962963 0.43088771296296297 0.6857142847222222 0.41968253935185185 0.6682539675925926 0.39928865277777775 0.6666666666666666 0.38589065277777773 0.6476190486111112 0.36797178009259257 0.6047619050925925 0.35622575 0.5761904768518519 0.35633156944444444 0.5492063495370371 0.3404703101851852 0.5333333333333333 0.34141093518518517 0.5253968263888888 0.36092886574074073 0.5269841273148148 0.37670781712962964 0.5396825393518518 0.3918283356481482 0.5555555555555556 0.39406231712962964 0.5730158726851852 0.4073133449074074
2 0.20793650694444443 0.6289476759259259 0.2158730162037037 0.636413875 0.24761904861111111 0.6392945324074074 0.28095238194444444 0.6658906527777778 0.3412698402777778 0.6734273958333333 0.3619047615740741 0.6690299814814815 0.39365079398148145 0.6512757199074074 0.4095238101851852 0.6281128726851852 0.42857142824074074 0.6222222222222222 0.4428571435185185 0.5928042314814815 0.4555555555555556 0.5920517337962963 0.4539682546296296 0.5477013518518519 0.42063492129629626 0.5465020578703703 0.3634920625 0.5609994120370371 0.3190476180555556 0.5890299814814814 0.24285714351851853 0.5935449722222222 0.24285714351851853 0.5871957662037036 0.23333333333333334 0.5877601412037037 0.23333333333333334 0.5972839513888888 0.21746031712962963 0.6061610810185185 0.20793650694444443 0.6289476759259259
2 0.37777777777777777 0.4157084074074074 0.3476190486111111 0.41908289120370373 0.3444444444444445 0.45260434953703704 0.39841269907407406 0.46686654861111115 0.41269841203703705 0.47713109953703703 0.4333333333333333 0.4759082893518518 0.4444444444444444 0.46890064583333335 0.45079365046296294 0.45106408101851847 0.4301587291666667 0.422128162037037 0.37777777777777777 0.4157084074074074
2 0.7777777777777778 0.13962375 0.7555555555555555 0.14887713194444444 0.7507936504629629 0.17614344675925928 0.7238095231481482 0.21266313888888888 0.7301587291666666 0.22181070138888886 0.7539682546296297 0.22198706712962965 0.7904761898148147 0.16744268287037037 0.7904761898148147 0.15474426851851852 0.7777777777777778 0.13962375
2 0.6460317453703703 0.1839388587962963 0.5746031736111111 0.1897589652777778 0.5634920625000001 0.19994121064814813 0.5666666666666667 0.2061022916666667 0.5920634930555556 0.2093592013888889 0.6507936504629629 0.2042915949074074 0.6539682546296297 0.1993415648148148 0.6460317453703703 0.1839388587962963
2 0.11587301620370372 0.5407525 0.10476190509259259 0.5350617268518518 0.0793650787037037 0.5349794236111111 0.05079365046296296 0.5668312777777778 0.057142856481481485 0.6188359791666668 0.07777777777777778 0.6192004699074074 0.1111111111111111 0.591828337962963 0.10634920601851851 0.5762375069444444 0.11587301620370372 0.5407525
0 0.4005855902777778 0 0.3857142847222222 0.008888888888888889 0.3587301597222222 0.045408583333333336 0.3666666666666667 0.05604938194444444 0.37777777777777777 0.11729570833333333 0.39682539583333337 0.13045267592592594 0.41269841203703705 0.12475014814814814 0.42857142824074074 0.11269841203703702 0.43492063425925925 0.09803644907407406 0.43492063425925925 0.05517930787037037 0.41774937037037035 0 0.4005855902777778 0
0 0.46825396759259263 0.3087595532407408 0.4158730162037037 0.3324985300925926 0.3746031736111111 0.39367431018518523 0.37301587268518516 0.4096413888888889 0.387301587962963 0.41831863425925925 0.47619047685185184 0.4241622569444444 0.5333333333333333 0.39220458564814814 0.5222222222222223 0.3706407986111111 0.5428571435185185 0.3329100532407407 0.5333333333333333 0.304903 0.46825396759259263 0.3087595532407408
0 0.10634920601851851 0.6143327453703704 0.08253968287037036 0.6919341550925926 0.09047618981481483 0.7613051157407407 0.11428571527777777 0.7646560856481481 0.1476190486111111 0.737283949074074 0.2523809513888889 0.7342504421296296 0.2619047615740741 0.728924162037037 0.2793650787037037 0.6977307476851853 0.28095238194444444 0.6738271597222222 0.26090952314814814 0.6575402824074075 0.2471492060185185 0.6420033263888889 0.20500476157407407 0.6315928402777778 0.2301587291666667 0.5958847754629629 0.22063492129629628 0.5916872430555555 0.2402682546296296 0.5477460092592592 0.15340158796296297 0.5683841388888888 0.1206349212962963 0.5992004699074074 0.10634920601851851 0.6143327453703704
0 0.43968253935185186 0.4342621990740741 0.4476190486111111 0.45283950462962963 0.44126984027777777 0.4690887708333333 0.46190476157407406 0.5202469143518519 0.4746031736111111 0.5385420347222222 0.4952380949074074 0.5404938287037037 0.5142857152777778 0.5028571435185185 0.5158730162037037 0.4773662546296296 0.5031746041666667 0.44796002314814815 0.4698412708333333 0.43564961574074074 0.43968253935185186 0.4342621990740741
0 0.4857142847222222 0.48708994675925926 0.4793650787037037 0.5081011180555556 0.47142857175925923 0.5561904768518519 0.4730158726851852 0.5878424467592592 0.48253968287037036 0.5983891828703704 0.5158730162037037 0.5995884768518519 0.5253968263888888 0.5402939444444445 0.5190476180555555 0.5168606712962963 0.5238095231481482 0.5118165787037037 0.5174603171296296 0.48044679629629633 0.5 0.47354497453703703 0.4920634930555555 0.488301 0.4857142847222222 0.48708994675925926